cm_angle.dist_ctr2best.mean,cm_angle.dist_ctr2worst.mean,cm_angle.angle.mean,cm_angle.costs_runtime,cm_grad.mean,cm_grad.costs_runtime,disp.ratio_mean_02,disp.ratio_mean_05,disp.ratio_mean_10,disp.ratio_mean_25,disp.ratio_median_02,disp.ratio_median_05,disp.ratio_median_10,disp.ratio_median_25,disp.diff_mean_02,disp.diff_mean_05,disp.diff_mean_10,disp.diff_mean_25,disp.diff_median_02,disp.diff_median_05,disp.diff_median_10,disp.diff_median_25,disp.costs_runtime,ela_conv.conv_prob,ela_conv.lin_prob,ela_conv.lin_dev.orig,ela_conv.lin_dev.abs,ela_conv.costs_runtime,ela_curv.grad_norm.min,ela_curv.grad_norm.lq,ela_curv.grad_norm.mean,ela_curv.grad_norm.med,ela_curv.grad_norm.uq,ela_curv.grad_norm.max,ela_curv.grad_norm.sd,ela_curv.grad_scale.nas,ela_curv.hessian_cond.nas,ela_curv.costs_fun_evals,ela_curv.costs_runtime,ela_distr.skewness,ela_distr.kurtosis,ela_distr.number_of_peaks,ela_distr.costs_runtime,ela_level.mmce_lda_10,ela_level.mmce_qda_10,ela_level.mmce_mda_10,ela_level.lda_qda_10,ela_level.lda_mda_10,ela_level.qda_mda_10,ela_level.mmce_lda_25,ela_level.mmce_qda_25,ela_level.mmce_mda_25,ela_level.lda_qda_25,ela_level.lda_mda_25,ela_level.qda_mda_25,ela_level.mmce_lda_50,ela_level.mmce_qda_50,ela_level.mmce_mda_50,ela_level.lda_qda_50,ela_level.lda_mda_50,ela_level.qda_mda_50,ela_level.costs_runtime,ela_local.n_loc_opt.abs,ela_local.n_loc_opt.rel,ela_local.best2mean_contr.orig,ela_local.basin_sizes.avg_best,ela_local.basin_sizes.avg_non_best,ela_local.basin_sizes.avg_worst,ela_local.fun_evals.min,ela_local.fun_evals.lq,ela_local.fun_evals.mean,ela_local.fun_evals.median,ela_local.fun_evals.uq,ela_local.fun_evals.max,ela_local.fun_evals.sd,ela_local.costs_fun_evals,ela_local.costs_runtime,ela_meta.lin_simple.adj_r2,ela_meta.lin_simple.intercept,ela_meta.lin_simple.coef.min,ela_meta.lin_simple.coef.max,ela_meta.lin_simple.coef.max_by_min,ela_meta.lin_w_interact.adj_r2,ela_meta.quad_simple.adj_r2,ela_meta.quad_simple.cond,ela_meta.quad_w_interact.adj_r2,ela_meta.costs_runtime,ic.h.max,ic.eps.s,ic.eps.max,ic.eps.ratio,ic.m0,ic.costs_runtime,nbc.nn_nb.sd_ratio,nbc.nn_nb.mean_ratio,nbc.nn_nb.cor,nbc.dist_ratio.coeff_var,nbc.nb_fitness.cor,nbc.costs_runtime
-1.1659047534963154,-1.2288410097982518,-0.032306100267864075,-0.06006929147532179,0.8405564184094765,-0.028095667381531055,-0.3510048710151441,-0.5536474955840056,-0.5899564045859179,6.6246040881831165,0.03626957586385784,-0.002632988051498536,-0.30645661671774144,-0.1801482352896246,0.06929813049366987,0.010697672060256519,-0.03737257181237109,-0.005260135939097733,0.04486496926447611,-0.043213955474000795,-0.9670428250123919,-0.02893937030383363,-1.254072707768188,0.544589350325604,0.0,0.0002480966421562848,0.0001505955652683295,0.15217513054508777,-0.16376508394080236,-0.08584991199736162,-0.009117984281971171,0.009602881665893778,-0.0020736965500549502,1.5651787437424336,-0.030505012831552353,-0.3548254703058902,1.0165507086123107,2.6021511497179297,-3.1665247681872044,-0.6982778030070615,8.396970448879934,3.5148142698970224e-05,0.0032906322822739064,-0.3897004262253189,0.9265181629462159,-0.4515567343679912,-0.011176054844917627,-0.009123229024249065,-0.7312544675331316,-1.2199850056322294,0.07251624756678474,0.008966216541124672,-0.8888255646971623,-0.13629339223157685,-0.24211542954967433,-0.9102172195176876,0.07727154861284849,-0.006961363821158289,12.657132649184407,-13.390312137037846,-0.30821162497292554,-2.5907661608718393,-0.0012830431765415494,-6.778018733663835e-05,-1.2986733502759669,0.027968118600583937,1.772503698119955,0.050109247709938715,0.018971514919354223,3.397942213769666,8.980220306323082,5.3616549100079425,4.0944810149627555,0.14147818600934525,4.159110980327887,-2.386941028013215,10.153886366012632,0.6049178706650515,-5.446376558454516e-07,0.00011457927420810204,-5.22682273686336e-07,-0.8907853686768075,-0.32176809040590765,1.3665502040188906,0.5117100101848292,0.7647583377905817,0.08759320634657002,-0.17611890574970027,-0.09074346888600815,-0.2874173594167021,-0.029756115608728834,-0.13418483553163757,0.6121292642233809,0.01894766893695646,0.013627146777027784,0.020565851490293784,-0.576984374491106,-2.683111809722835,0.13171475062621854
2.5036814868659105,-1.261747272904323,0.008375958431591841,-0.3642766844626196,0.8210684634552738,0.033600557938633785,-0.6749961065217837,3.944205138071964,0.8348368149931191,1.4229567035393007,-0.012360861427587758,-0.0054329150713443046,-0.06464950464212497,0.197990747536243,0.05506483512641972,-0.012662993317317928,-0.023835508582538828,-1.7828526809813499,-0.05704177156417854,1.6401149385216682,0.5582604362267628,-0.00944148360730637,-0.46336978116952665,0.5981016648085797,0.0,0.00024513655995651683,5.1275313575022156e-05,-0.06540513627738703,-0.12484225823722721,-0.0801019880098348,-0.011635362917175976,0.010273391492042616,-0.0020688863140818563,1.5305897869556202,-0.013401019016875806,-0.27160948762346376,-0.2663334677327624,2.827911901139992,-0.16609143549378472,-0.8142776427405902,0.001393759975113107,-6.56790669478667e-05,0.13229037662116552,-0.38648005366096494,2.4370049470106325,0.4606006534606409,0.037560428133228796,-0.008470921157022878,-0.3632802363518124,-0.994550102171313,-0.2664544399872491,0.0035968552799169416,-0.42967896813838286,1.4453936154061988,0.23683939550073263,-1.1131083004327247,-0.01968879021535648,-0.010524039516376416,-2.3590838043124416,-9.68821696867756,-0.3835329405873882,-1.4880044556820775,-0.0012836681056452488,-6.51221144094647e-05,-5.687480424285341,0.036487926956642325,1.4201844543232003,0.04674860854410321,0.016780690386458165,1.1631860884527656,13.543826564620073,3.328402133026639,7.368613141043826,1.6686017784601574,6.79779746032921,3.474836567257819,16.787450235484258,1.6904561884235845,-6.891508169705255e-07,0.00011266522126883922,-6.645596346269048e-07,0.3676351626172613,-1.1788401818322107,1.23176896852427,2.1465831734301086,0.7080706036460486,-3.8577012174712895,-0.09170553902040084,-0.26023091817185096,-3.155321526800604,0.5398052013637555,-0.06740997516913752,0.6306181173752069,0.33577036118004877,-0.2040162940540641,0.06424321563511164,3.3883502547320457,-1.8488754560975136,0.6605956511762746
0.6690049178689322,-2.4060954110390487,0.018201224130969657,0.0022182146864841343,0.054624500631188296,-0.005103399045654893,0.007525044618768735,-0.5578928997511204,0.19715212095035436,19.855780781360455,0.028518192026586932,0.023970717946780077,-0.1049053973938607,1.5560034506444722,0.03900749563893442,0.0160249544898933,-0.18355940846383734,0.03254546476415978,0.012496594718925573,0.0792065527114465,-0.9654933159614327,-0.003375969542619705,-0.20598906121981495,4.234585656654253,0.0,0.0002484812548678248,0.0001505789946580299,-1.5240177661394643,-0.11005481426285658,-0.1006730439342308,0.003646716538187353,0.0028660860226954544,-0.002503787767772603,-0.28619384513617413,-0.006724626238185346,-0.0022963155691474394,1.9223813158804823,-3.834936935563614,20.47057739940232,-0.8357301398206429,0.26050937226086235,6.781180022136154e-05,0.005960517847874615,-0.459284627266478,-0.07713192024586882,0.00411708766156981,-0.02847424418821257,0.025192349382809915,-2.2903803873134123,-0.09124909643667713,0.028602253300572446,0.04769777597645754,16.217852875682507,-0.00891860952032583,-0.0008857255968502469,0.06533206216058135,-0.013203668568301142,-0.011415418436484946,-9.440202129742488,-0.31944489938926585,-0.37497841302030654,-3.311142455578115,-0.001286155046654133,-8.369703396650074e-05,-0.017349783500109715,-0.004386753179473845,0.7033661520834538,0.008809338761320932,0.01615045713948422,1.0814090657132824,2.9054773260320776,1.1666173798635269,3.8529467065242766,1.6403931639289526,1.7450143272050254,28.245133320076345,23.794471450642256,-0.3360343162276681,-4.232754250401511e-07,0.00011266522126883922,-1.1198746147465834e-06,-0.2865549793904152,1.2620370913582373,1.106358642358929,-3.4039878750564383,0.17433376221094254,-0.005476168236944277,-1.236304269147145,-5.48129809864274,-0.022244226369052603,0.07282924000765172,-0.012845990870335692,4.748465206336194,-0.29510049257805987,-0.11269374017231466,-0.03936499999870614,-0.033163390527919494,-0.562776820223113,0.005570710386967984
4.6387298542558515,-3.0504939568991527,0.005782684461474842,-0.103474027307107,3.52402564518562,-0.008191146721842079,0.733498072005507,-0.6241654093778057,4.249648651338442,4.852771979705735,-0.0034850963797731956,-0.11938253738964678,-0.35926408551391065,1.75194735997832,0.0005570324045730816,0.011323019629473605,0.6867196557210612,3.63030489059925,-0.05565800017445293,-0.003307272664096098,-0.9645783902354715,0.019749275830074502,-0.6845389139715986,1.9007919027518636,0.0,0.00024780557790869803,6.724843886330745e-05,4.177945828468676,-0.1301124400625096,-0.0842669667731039,0.01725186403437352,0.0027706979890864077,-0.0020589473605595265,5.423819731064315,0.009532157266609782,-0.08221240976308032,1.366743917199979,3.295697719167532,27.576098447939092,0.9313741584391653,4.799831377567899,-0.001041070096591636,0.03481630240413839,-0.03766526887963069,0.11257651678837516,-0.11854885140765266,0.03494409714010983,0.03319451097492424,-0.39099586842291595,26.294537073400576,-0.21352835251547983,0.11085651212690731,28.446853771711364,0.05200298847378656,-0.043475478907091525,3.1762284936807696,0.015528721206632077,-0.0050428610241418075,-3.4929383558846605,-9.397826034235106,-0.24409819736281482,-1.8996435562448781,-0.0012860325458883709,-6.575948416029822e-05,-0.5853619091102104,0.03938578951384281,5.499799012563125,0.053234298712155736,0.019908356431769237,4.59658329657675,35.09544294929535,11.157111574953298,11.550808316663826,6.6842094649555674,7.311105427756308,15.677824714026283,18.809688875649364,5.513848641785162,-6.891508169705255e-07,0.00011266522126883922,-5.881117810016907e-07,-0.15899560927921752,-0.3395890385549639,3.160654744925567,7.747711007071441,0.8135176617636515,0.37696179884723807,2.437575607970882,1.9649208280119128,4.7328678883860915,0.042819335172643816,-0.030484632601828647,-1.2197198396521263,0.08870881778793441,-0.15568168677561192,0.9622851305718002,-0.12640641125673377,-1.2467619023434822,0.38845009574295347
-0.011896854843649435,-0.5995224277781434,0.0002885826129662419,-0.028573085895304058,1.7385114115655624,-0.014307703084506197,-0.29972130324770113,-0.04355796109784518,-0.012499105472888601,4.798150083853642,0.03170652624567561,-0.0007607722661970822,0.059301970087530784,0.22786313551241844,0.013783434530840794,0.008790600535115,-0.008646679732178801,-0.4868223357122928,0.5865016407167124,-0.8062682885056901,-0.03886318862057884,-0.0025913148092859065,3.1676255738395014,1.0922221208304277,0.0,0.0002456034107557102,6.72041548224848e-05,0.073960724553584,-0.1445266070644357,-0.08280099348222501,0.09305296623657022,0.01014833051333925,-0.002056147664694231,10.383180097880906,2.921184233919951,0.679017196389026,-0.06322814083643777,0.06597848309469816,-1.13772562626647,-0.6048716064030906,-0.18020467854770836,-0.0734362088447521,0.03373516864280337,-0.36236725670774894,-0.003935990370450344,0.24105819962715258,0.662146744031026,-0.00806605050148754,-0.026133198707449713,-0.9466576437973985,-0.4361211747343887,0.012681674608033435,-0.2474211762072521,-0.1474416296946937,0.03431748584995245,-0.13915574577917633,-0.023761274268595443,-0.008561028785275393,4.190718456544921,4.951869061662412,-0.31429284452531625,-1.6192851539633333,-0.0012575837042840287,-6.585396270629444e-05,2.3421756861111627,0.04754963190030497,0.7914358513127633,0.0036353903821513866,0.014559887936588864,0.5556882163945193,15.024782273571676,4.406598987795532,7.646453979039041,3.218192345241683,6.179373974729182,5.681901066181205,16.351321775766124,0.34842172668952126,-6.736440546151318e-07,-3.5762354390139875e-05,-7.719767374045206e-07,0.395407036477081,3.2560756455176425,1.9513201543549168,-0.4739416418240131,0.07365215074592209,0.4519672033557538,0.4759615656277339,0.3493584345469098,-1.6226528168489025,0.09065308246076227,0.12046692618658296,0.6296794439354947,0.031012123780019673,-0.1897520372864719,2.5344088377514193,-0.03081414117597214,-0.33479785682129687,0.14269884601135957
-0.010847111571167686,-6.386938918443081,-0.04219794411298145,0.002308463734771508,0.04822330431683791,-0.024282215042629545,0.054063731096378485,-0.5599148229425487,0.02976865649242515,19.88964872154328,-0.006657272720711187,0.0416141471626202,-0.5169810210648169,-0.6365791550556725,0.10180430607498857,0.007977971105890899,-0.23633282135510186,-0.45184045677238294,-0.011500601766996526,-0.022051581445567695,-0.9175930969053644,-0.0011078239189208916,-0.6954592231738477,4.163912634451759,0.0,0.000247749466981913,0.00015049309682178214,0.4081576884916139,-0.1373406847765056,-0.09917205374678313,-0.0037883094179597884,0.010218640853432033,-0.001914852510838175,-0.1332801493005093,-0.010472148943752188,-0.0042987676940538086,4.138827760817478,1.731581322505248,-9.1997406036231,-0.031502765875208706,1.3114855010540087,-0.0034702287354380834,-0.0025026606399672934,-0.4056674516743485,0.014728961523844192,-0.7073004276760246,-0.015211329006103615,-0.008616668397796448,1.0904484244215764,-0.06495863457695891,-0.012155994433456862,0.003812476441135786,-0.5665962545343519,-0.06609181433243255,-0.0025272051876351832,0.0412892125665631,0.3979567114477324,-0.010910682656407461,-0.3043054065874172,-0.5088797453740419,-0.35743706584626067,-4.41926424481347,-0.0012838909866957568,-6.114389236521354e-05,-0.3754703644266638,-0.007765345789140439,0.32714817768892185,0.034496565310496406,0.007969248701144021,0.6262882314434879,1.5703843880186816,1.4510383951762904,3.150906091660865,3.1479750832689883,5.76437047801773,16.302433179447057,2.278554890140741,-0.026642611926450833,-9.90484640342908e-07,0.00011457927420810204,-2.200556796857761e-06,-0.24697676723748105,1.8861108979984265,0.25066761676803523,0.4433401111509453,0.5020504610404346,-0.005971574546355165,0.16927048585021898,-0.011816375019219566,-0.11553905021146915,0.02414333069300357,-0.013689179819901476,4.726057331597093,0.2024632411806936,-0.8462331606641489,-0.019367114815409262,-0.013945597459822405,-0.6713214229211294,-0.0015107092194421748
-0.25056172497670987,-0.612846473646146,0.014839897665806482,-0.06444760044119899,-0.11411654745951047,-0.011371131619193408,-0.054936124174908604,-0.15521926839489839,0.10730087809754933,4.067181024580172,-0.003729940352618776,0.008451569741073653,-0.08965704588173154,-0.10487438380924888,0.058857197109498584,0.011784447023072185,-0.053981762175661065,3.0439987987874093,-0.012598329840524515,1.6385766031977433,-0.2165852013290107,-0.005883884238467295,-0.44235429747514793,0.5164985014046287,0.0,0.00024779674180432434,6.734250069462845e-05,-0.022474236655905606,-0.10927160017662539,-0.0858135338073245,-0.0069703427017397705,0.010875017499589149,-0.0020429784043727115,4.515342066248963,-0.001741447368937824,-0.002302725962190285,2.2534160961555845,4.574881860937868,-2.869859467601361,-0.4215122235289134,0.13538210015924174,-0.001257774702452245,0.03431368114535552,51.78237458013167,4.025675694546792,-0.07847992523969308,-0.03217465035926543,0.0010473812316472138,-0.23362669800545086,-1.0341213464903343,0.054737043298331095,0.00599031308391666,-0.2744367426571975,0.20892358264034164,-0.04917692096032523,0.054999758724458794,-0.01879305114397298,-0.010370396411680373,-1.0744419407661463,-0.16839499642754305,12.994456561627494,-1.9453908977852978,-0.0012735003145433064,-7.648579763384211e-05,30.24570044509372,0.006100737145940106,0.2821691373204618,0.03836675688410581,0.01923324445695871,1.6371290520988697,13.531283759940186,12.808063865794216,12.971749571442885,6.56684172232783,7.788245129343719,9.15797933086526,45.46243347606155,-0.06663284456409352,-4.6208660520185843e-07,0.00011266522126883922,-9.340096794240914e-07,-0.09535479512760241,0.47919329494107576,1.7980663208225252,-4.517990038275241,0.619154184283716,-0.011200268940442461,-0.020891559486391105,-0.10490669193716712,3.869528550335269,0.045243145040171816,-0.10989263258352996,0.6219162086712408,-0.08095170378673866,-0.1310986737586885,-0.03344912011197724,4.177177114993189,-2.036652750813608,0.011842209269829209
0.2560489184933018,-3.5468325010403787,-0.1453054903977588,-0.05831727119281479,0.05822901276594807,-0.028670942004865033,0.006261209524050658,-0.16143605179966625,0.035318004286867904,-0.06148585682010804,1.7829366649021465,-0.14433594182530973,-1.5101047570153743,-0.1138695658006098,0.05036925950335463,0.009886544630406205,-0.3264972818362852,0.46666286394738465,0.021377874395516146,0.0418303857218759,-0.26908362525054375,-0.004457482124620686,-1.1766645440947539,-0.011086417206682296,0.0,0.0002471975560127568,6.736016343508139e-05,-0.9114121578566392,-0.11300333569666278,-0.08372211318563878,-0.004574642432423601,0.0036780160165450853,-0.001789586891585918,-0.4209490909670742,-0.011936610984909186,-0.08183640748705222,1.1230972049492618,0.8208952974604063,-0.32063440559692546,-0.799653273005674,0.4100381319211525,-0.0010715602578871566,-0.1519682667977914,-0.43677401211035416,0.17705779833342972,7.180317869977783,0.03328446463301012,-0.15047704431447914,0.30227278462622664,-1.0608836873606653,0.08141328257839603,0.005195067330269727,14.591327965486322,-0.13749471487607537,-0.08898892737036357,0.04025447917298012,0.01729773052688163,-0.07364290839769196,-1.098585826966525,-0.1312209375221169,0.6328849192926447,-1.7461230689633658,-0.001243586169808719,-6.512211440946468e-05,-0.9110973471479215,-0.00010529113641859732,0.6224734111201569,0.00904655255652575,0.008921509955264497,1.1353487632114159,12.106144511717746,2.4032188944937807,4.517122576741664,-0.17404162955003846,3.2344792769436057,4.762898991942077,11.812401724330975,-0.05304942452138016,-4.6208660520185843e-07,8.588169759858159e-05,-1.2990301740033241e-06,-0.27638735122801505,-0.9239772852217424,1.157997737560466,-1.0992623645975754,-0.3167017528864567,-0.006858324698310292,1.0193314621003178,0.060945208220475895,-2.7826400723461804,-0.006913090471623959,-0.1109103580421001,-0.10181003999007053,-0.3671607691836852,-0.5909325815253207,-0.059567702502469205,-0.2670533819501824,-2.1513837887761276,-0.44312176440931783
-3.4932938420406177,-1.755563734775347,0.01168758013137376,-0.36103214910126386,-0.42534368465236877,0.022730919861319122,0.7096927736735802,0.027811239263672682,0.1094008418312238,1.6579852567433606,-0.012824896231684077,0.0009284391773477582,-0.20084391516076197,1.3249180610976274,-0.00029770638805472205,-4.5308680661126655,-0.057206321630883385,-0.18787086536601708,-0.01689519323530515,0.059848756068790185,0.005594789313078662,0.0031942921304441456,-0.8064969953547223,-0.9483337527896768,0.0,6.26555299565459e-05,6.91332876237799e-05,-0.0785971734471048,-0.10320187237336957,-0.07736147591597493,0.0418561709445393,0.0030558213850621326,-0.0015152970404862878,0.5639173033259838,-0.6559947424663854,-0.0023358866057349025,2.3721215210918882,-1.8644480858844195,129.9837097606696,-0.9790826891223714,-0.16537682416766364,0.000646661381293016,0.005588788297284876,-2.2276868160546,-3.5600316909386844,-1.7706625967970513,-0.00958516464126367,-0.010416326050464003,-0.28354727393743,-0.916128967684769,0.014466440320939357,-3.7961843484210522,-4.44859200645247,4.052549537262248,0.017984189163831422,0.03032248888408301,-0.013987662904262859,-0.00941434902450704,9.445285142815022,-0.12005166767548892,-0.35204845369125154,-1.926278973772645,-0.0008079208475832818,-6.268154644893255e-05,-0.18598030584596728,0.0033897503381715064,0.8236288192946201,0.023779062029498768,0.017785693455082328,0.6636836758770892,2.971503349862014,1.616104900630707,3.048549593122514,2.073895625488722,3.5268969307731632,8.105547523463343,18.15820826945722,-0.08408124297239487,-6.907239850480442e-07,7.99696701182457e-05,-9.8167946781155e-07,0.26995840942990224,6.156472802655363,0.0942196557940272,-1.153714251916223,0.8004153980219282,-0.005645153330947093,-7.218943119649729,1.8786113716360657,0.4541686758297054,0.34872986137441203,-0.2109527198765796,0.15047865853812814,0.11375053563267157,-0.004769477877486051,-0.0037000601508811047,-0.24433078471716305,-2.101193367981596,0.005453487086029974
-0.005553753923958261,-1.225922661123862,0.0146180644389861,1.027778525603136,-0.018848751946908503,0.003266033737726504,-0.33091330572505406,-0.09276737209043767,0.20692069462996,3.997149443024719,-0.004097295278827577,-0.005893666223977449,-0.39665602112696313,-0.17630760319550526,0.1034105179899511,0.005250389774362867,-0.22592055895347712,3.04413692757921,-0.02007804836964668,0.08242821853769305,-0.9966074352281914,0.0020456797312533776,-0.0684473588913984,0.4323261228159345,0.0,6.128974914621354e-05,6.71593424918131e-05,0.03666441861710275,-0.11036022428362519,-0.08300389148787696,-0.05503805923200483,0.010951168450726953,-0.002040870558760254,-0.28707998666082624,-0.009042225850839771,-0.0037317885676453762,4.137650651168213,-2.1863171153721246,-9.228745870658999,-0.5170538814575352,0.36128880670599944,0.3480600024120601,0.16456471718166316,-0.49615799828915097,-0.005537589202136826,-0.5123490602043644,-0.029639884297549882,-0.0032683450435232824,-0.25775599289775886,-1.134929051179441,0.014335874426556792,0.0030099379264850357,-0.4513570666986914,3.963660244117573,-0.08523185826570753,-0.11750136722687163,-0.016096798552591253,-0.010502940802966062,9.369644589077808,-0.35396294886735974,-0.36801409189215856,-2.389594796332848,-0.0012723811002025099,-7.648579763384211e-05,-1.4413790946620813,-0.000946269756780839,0.6252933764492513,0.05785677997767151,0.015514916386512811,1.457430358807757,6.88965725913749,2.2723828065627707,6.2122895283845905,-0.3289019977611171,3.167770037922047,-3.898127712699815,28.197791671360495,-0.308496841552699,-6.891508169705255e-07,0.00011448850474591475,-1.2801258155916847e-06,-0.27361782614751595,3.90901030720508,0.5802993896066593,-4.016296151401541,0.8719820517014923,-1.095536144379545,-0.4231123938305398,-0.06927039147843035,-2.293575867840975,-0.28181329442690733,-0.20423426369997863,0.6186224242415652,-0.060426395851211887,-0.15481249022227417,-0.04343616319562153,-0.1936577686810673,-2.5407361433063693,0.007904334497232168
-1.1121426814437239,0.2976796904808706,0.011791243508224778,-0.01427165428427312,-0.020719516843374718,-0.008265698561236393,-0.0061263915885333975,0.5484002116669876,0.6886004428761779,-0.2543099447292089,-0.0049760130237610336,-0.06452446805502488,0.6002451551457328,0.2438152728514554,0.5996877689836729,-0.011653359043958108,1.129706545902698,0.285054356610629,-0.004859778250164877,0.01620349331419965,-0.04744193303243861,0.011215166380130082,-0.18941351127007042,0.06295314560293977,0.0,0.00024909697369900996,0.0001504926013454265,0.06391716931944029,-0.06467737182620793,-0.10857184826970731,-0.004075431456916594,0.010367739141353928,-0.0019545339279000945,-0.06801076166391233,-0.005500023688031771,-0.0037023521525580702,-0.0822946170059231,1.5655164194366706,0.6678085870150248,-0.05235582328180309,1.7025685137726212,-0.00036242819795774946,0.004098195974375882,-0.40561401000090297,-0.05536453320182136,0.01219772996024057,-0.0016206443858453122,-0.006618014303826669,1.068422865024252,0.4318786371209361,-0.001338383999265965,0.004535531448648725,-0.8418575311290927,-0.005016762603396584,-0.008162963813336923,0.04555123696323063,0.4119915556853134,-0.011829717967753027,-0.28928055448919104,-0.5708169917305106,-0.3673254915311428,-4.332882524633302,-0.001243232054891887,-8.369703396650074e-05,-0.10834632148514724,-0.006394953298223176,0.7700638079114049,0.007812108844106341,0.020779139960814257,1.0920869216974918,1.922203240089412,3.6297738827655075,3.3474332808511047,2.566167544659732,1.783029921085191,1.5675289744609013,2.2843872877432934,-0.34262394699110743,-9.90484640342908e-07,0.00011448850474591475,-3.4059585146351847e-06,-0.20952699463508984,4.804516033577092,0.029100321463362333,1.5249960595186425,0.15165879052819772,0.000603302061809182,-0.00010292074706123519,-0.03266928603385588,0.04913781933989709,0.15143427103700957,0.17586940510763271,0.04334463075081396,0.642086155282397,-0.14566147286894437,0.01546520920354104,0.25669574856592753,-0.6302268433870405,0.008028131042137532
0.10144720707240115,-0.9181414986200315,-0.004746505569122467,-0.08868582895075669,-0.009103600365405945,-0.03485843850251048,0.7915784473281126,-0.0908763304283925,0.18981054382096182,-0.07878976541471691,-0.0031420113407254107,-0.005483870258336752,-0.14641096377184132,-4.409189727779161,0.052174228045011366,0.7059738421227479,-0.24247064521705944,0.6609445117364064,-0.006934645749336481,0.04655083083609382,-1.1091141583588477,0.0032404167551020845,1.9234891207757736,0.3830477722245924,0.0,0.0002501106263399163,0.0001503815561704246,0.0719594563539765,-0.05649282185891154,-0.08174027645590462,-0.0044799273589793175,0.0029151205686001017,-0.0020795693089459906,0.026890642795710615,-0.011205537085393017,-0.002312433989614841,1.975978366602442,3.4728761601727984,23.27004457464931,-0.7883755804243278,0.38044833068795597,0.00035373395684603904,0.01171168873045258,-0.37838568912391496,-0.5692671014056994,0.1195677569736368,0.3356967195514534,-0.006027838362326024,1.6083546623564962,-0.9699515362856426,0.029773629539472688,-0.9033638656635576,-0.5576065961434091,-0.21729379844411567,-0.0005223524326963576,0.018716278858675522,-0.016257453451970993,-0.012157628420405854,-0.7518258458164329,0.007697142765158471,-0.33466907263077056,-1.4490282434233683,-0.0012846650729557078,-7.648579763384211e-05,-0.6151007516339629,3.918346166372195,0.8580967031169069,0.22503045058793322,0.004939774691164498,2.9305414860514127,13.517683686577668,3.0077683077630155,9.142232483293846,2.0757123207746964,3.1796846520720505,12.090514279085694,24.125356826344508,-0.31927307051696496,-6.503396368088179e-07,0.00011266522126883922,-8.698571376251615e-07,-0.2373080302130703,0.8812998299946259,0.39656056244892557,7.99377349343489,3.1549829306552355,-0.0025587719036162986,0.40702177343376167,-1.7393823173058023,-0.04617516911786194,-0.009325770255738138,-0.30256047310334483,-0.04526902449040692,0.00484328181826592,0.04414041304660378,-0.07179306204836136,1.7096316338191395,-2.2057377663898774,-0.0028140776517973478
-0.7656978864579423,19.20971735615791,0.006720164946410879,-0.010982005017997737,-0.00791977882013895,-0.015401531592652899,0.03538940255770338,13.85523959500447,0.10068116974432072,19.903576626777095,0.03390139651002258,-0.009418739368422557,-0.13508180365682276,0.048339455863213844,0.3137646215719799,-0.0050766790649190265,-0.039117475892446525,-0.17376505189731337,0.012637883372229458,0.051987111093750926,2.5516445212766814,-0.0029970096601318686,-0.027741660871566185,8.0317435443897,0.0,0.0002470748395996431,0.0001505955652683295,-0.2213410872767311,-0.13662772586154934,-0.08287822734800178,0.09148234725020594,0.010291412218533158,-0.0025002577323001373,0.43832937871642197,0.04239961749430088,-0.003700438495812093,1.9289888095949523,2.6608669287498077,-1.5898678016097791,-0.2520593076812612,0.4057120697548878,0.0035942409739883573,0.0013849715711075812,36.64276687454598,0.004027124794764728,-0.11005876471935783,0.10907276054818588,0.22156303729265106,0.16772082760710796,-0.02573169833011701,0.022974292457545908,0.003150354820191887,86.57254359221801,0.056995256208729195,0.06863531154880985,0.12233898149821106,-0.021710919061143214,-0.011233592013033838,2.446754938454574,0.8455171066800687,-0.03821586403829529,55.424950719535516,-0.0012844375036134745,-7.221621485988736e-05,0.7447160039221716,0.028534464464971557,10.764334674473755,0.22453648170255294,0.01598835591588729,11.567880520133032,29.504120070430204,22.880857056003244,32.39043446721786,34.70915889271124,77.90857255730364,64.89509430123711,70.1049852292846,-0.10855297957091728,-6.503396368088179e-07,0.00011457927420810204,-1.3445969074979682e-06,-0.13299451647673574,15.451802568151825,9.268714292788069,30.763265856969802,3.1669861995065354,-0.0004782357456959356,8.93145823447032,-0.07524886255295743,-0.02497370784897751,0.2606945741541741,-0.05629878672934825,4.835085230180948,0.032107421194242675,-0.1349966784856732,0.045356137682239395,0.0009780413565916818,-0.3562089034015745,-0.004587955984757345
-1.3002161405727815,-2.4145892703115766,0.009555667540518576,0.05871838760037252,-0.252746256163765,-0.019471437495037422,1.0785822297877221,0.11769651619918264,0.06538647979203713,7.04278575813215,-0.006726366211379085,-0.006197624979601382,-0.8600510729279762,1.4215909243814984,0.02271620423894711,1.1392205839042653,0.0012422990580702859,0.026540190209028033,-0.0047285149737497775,0.04399982637915157,-0.04639189137030818,-0.0023095413313177758,0.20703817673193153,2.0039488083920727,0.0,0.0002472184152444711,0.00015038205164678023,-1.074727782896533,-0.1002144033294923,-0.06968112024274495,0.03002015402447504,0.0030478990811453684,-0.001784928882461751,0.5298401534487227,-2.517225710926124,-0.0023624715127550855,4.129311505694727,-1.153302364896938,134.86867875545914,-0.7114951634294707,0.021267827905878656,-0.0023375654753042836,0.020679167002260673,-2.148254427444644,2.3175725322287835,4.344784722009137,0.0059923853692331755,0.020256594373234196,0.06195058716956708,-0.03187660812177829,0.024545994647065836,0.4750147837810206,24.183077844650832,-1.138340731021524,-1.82744741405499,0.04126393205062562,-0.009024147591247887,-0.009914427557764364,4.767213734280796,-0.06059012726503734,-0.05785595893689941,26.59695566493562,-0.0008297742456031554,-6.0893641471353345e-05,-0.20465398716671773,0.0200787732147048,1.918513547665182,0.03591580905280639,0.02341774648336104,1.987643291255312,10.691437915386386,2.2421325843712485,5.5089533416434895,7.324621644276887,7.617299824474524,13.475123098034892,30.504612131207576,-0.3265086065527556,-6.396307933696155e-07,5.4149116330218414e-05,-4.118603778372531e-06,0.17947811724977644,9.057648442974745,1.310465186533905,-4.166323253120149,0.5108141763876232,-0.0042098793789426565,-0.823066111723012,0.2481135827846459,-0.011562179992129372,0.0645111367271808,-0.0419344349074183,1.2894719533189976,-0.043297127867748635,-0.060971445836648465,0.20567760216966946,0.0027462442960617776,0.03102381612477477,-0.0002055934853144119
-2.196243107135739,-1.229807007636758,-0.014944690108990109,-0.07332292477086857,-0.00812065508227821,-0.03702115495556446,0.43378761457869086,-0.09244991789382889,0.07055627370367774,2.1221062811666385,0.0009644825388017318,-0.011106821926280906,0.1688496472427514,1.4234860426535032,-0.002195713267616855,-0.35198448431539103,-0.04904964081526343,-0.49497616780718573,-0.01843220122984944,-0.004564111202458871,-0.9806239573920329,-0.0011540373856462477,-0.6130408792476625,0.23078808867173256,0.0,0.0002502722542942374,0.0001503815561704246,0.1287646517034625,-0.11138365553004069,-0.08448453001166216,-0.00687595261363094,0.002959442987246626,-0.00206045757703838,-0.27661831699444456,-0.006998288720460557,-0.0016648739808403626,4.170933773545567,-2.644611703984957,21.15104257463154,-1.0813314140671715,0.3503497792643635,-0.002215930413921978,0.0009490163125692108,52.960795575982225,-0.028634599690681797,-0.3651422590237713,-0.00393307137829982,-0.007048084833060778,0.1816637235005051,-1.2301425669145583,0.06871884866309835,0.47995875374585484,-0.40690539950399696,3.172037101168792,-0.08922018577235062,0.01660393643591099,-0.015312912301562481,-0.011669298236321042,6.283046403273688,0.22307113297284553,-0.35796922519522884,-1.9554018340836437,-0.0010730478126632509,-7.648579763384211e-05,-1.0257319434844412,-0.0023505072831391076,0.6293358865817172,0.0580301831213888,0.00241627944409456,0.8678760278533998,0.701010704560343,10.523224312759664,7.1116996494072025,1.484167919998834,6.018157535667038,9.325376541111236,31.484167951401957,-0.012956808860077258,-6.503396368088179e-07,0.00011266522126883922,-1.0360051704864472e-06,-0.3099295019221933,4.677680244946544,-0.030628367165160094,-3.9252200482383253,0.8494949043977231,-0.006563180706714003,-0.10516527014510607,1.631089539542327,-0.13041408318722925,-0.0031000451575455383,-0.19300790559820236,-1.269951683514954,-0.01378158420718692,-0.28895127017425193,-0.042103691979891465,-0.23818456751958972,-2.626206471569129,0.09114166504620007
-0.06356091864230654,-0.0995710863897901,0.010033944118201714,-0.013154893348366248,-0.018616528362354244,-0.09298120514265212,-0.0004268875249214923,0.1268405337640237,0.27129025241651183,5.430304418977823,0.028487297973942935,0.039566024903202344,-0.2941337799273214,-0.6429466050797323,0.0928589544459747,-0.016579278578702648,-0.21478393033901502,-0.5074342588945056,0.005921977601639296,0.06102087778918503,-0.03040508433232068,0.0028747231779315736,-0.23259621563171198,0.7825259966263307,0.0,0.00014019433547909213,0.0001504926013454265,-0.006392491364198336,-0.1267128462974061,-0.09241116044214402,-0.004268911075062909,0.010190880020486208,-0.0027487566770351903,-0.3251801617460333,0.003717814519945202,-0.003752267345421093,4.137199399416649,-7.855249105183736,-8.33093648365879,-0.02834909245708004,-0.3122628960256826,0.000851160816782856,0.0008278309663762801,-0.4051131971376724,0.00013870633569865618,0.05951170789877744,-0.005118967790916366,-0.01210692803772908,-0.019570005064137908,-1.8734765301189404,-0.002985050416337068,-0.04588094090686155,-0.2862699691751711,0.055880441754745186,-1.3131890427689928e-05,0.5389752075883647,-0.010513825052337883,-0.01217401062289674,-0.14981858253843566,-0.16723031508724684,-0.35834995125876584,-4.458864734275427,-0.0011137002241462862,-8.369703396650074e-05,-0.04582747187285237,-0.0038261438881640555,1.2571075661599742,0.03351199943793664,0.0030876731022577404,0.904136924022712,0.7367070361530506,2.18314109347052,3.541201730905982,1.157038728622431,1.3357123160386342,2.7266010053670415,1.5450437617136417,-0.2950725232813165,-9.90484640342908e-07,0.00011457927420810204,-1.0227874717989909e-06,-0.25808552030175924,8.852288804861308,0.1459021275089254,0.3943120513772697,0.6197242328443335,-0.002482335558126333,-1.4716601707098196,0.6415343073862078,0.05344550314627092,0.23070163944996133,-0.024275199211481607,-9.50897705486458,0.05716322363345098,-0.14227774803627527,-0.015797610457657044,0.024043364635960674,-0.6779326876836365,0.012879517676035582
0.18427035126235677,-1.1624103160078478,0.013983020312070832,-0.06782805673416971,-0.01730590407318095,-0.021692545273536104,-0.3275298826135028,-0.5659240140990395,0.13791548391813635,-0.10561321712715224,0.032994316475967206,0.03511016813575012,-0.2879378609968381,0.035879796410486664,0.09952647846772657,0.013706990966538697,-0.19300887367340475,-0.5035400300374473,0.006288461757796798,-0.07207419357185767,-0.967134708380689,-0.003009280916701283,-1.2031763407752276,0.00047373020592909453,0.0,0.0002484146472244524,0.00015059606074468513,0.19342478124490514,-0.14205548564260728,-0.0734651348956253,-0.008885907562252257,0.010231870128205872,-0.002072821383079764,-0.19410487377761448,-0.015213584558901618,-0.00372663043198216,-0.05105744603767739,-0.23766254826310976,-1.3580488751745665,-0.745057012914258,0.33831224281875016,0.0007837778601296544,-0.007047660401535268,-0.40823658784883726,0.17718377685032838,-0.5239528015761582,-0.008771652606413915,-0.016397989169220688,1.3886792277403808,-1.2258906935969192,-0.18233889185182547,0.003933614061624392,-1.1174999188390928,-0.17090089957378687,-0.10069275160435114,0.028929217598003612,-0.02282649367543625,-0.007964956657696415,-1.0734423123267032,-0.30461820018510266,-0.4177965293024963,-3.113687928966535,-0.0012850144438265494,-7.648579763384211e-05,-1.2792026763590538,-0.010021295293644908,0.33986203959657724,0.21264435610315288,0.00894521221826589,2.038022149510359,5.756807888817951,1.0463217623491923,7.459356482294339,-0.21869116288693344,2.947863374628594,3.201374853913817,22.283879670641976,-0.1456533087783503,-6.503396368088179e-07,0.00011448850474591475,-8.533400829968588e-07,-0.29647477042394393,0.591546230440348,0.1236874819134271,8.835422180729283,3.0173283153637103,-0.010717095423656184,0.04805703994089353,-0.2114518000582777,-0.17326770073159412,-0.03616429298187859,-0.19636046063254214,-0.03280680005503631,-0.02263970267084549,-0.13008442675780574,-0.07119526200281497,-0.5371135258130022,-2.6460910475756667,0.0017386437485602776
2.400450971413889,-0.632886067262885,0.01562689121465598,5.457161108251986,0.1405780787208721,-0.023475515836929608,1.0164952681127921,-0.06113744447645284,0.07939135405573992,2.5210493885353857,0.017583680425060953,0.1251726489895822,0.7879594325988202,1.487872138913441,0.04886521608677448,1.4614557217085513,-0.024260080730975034,-0.5387156363424582,-0.001724822674461456,-0.008515405272248328,0.010271687957171463,-0.002180009230132476,0.4733148864444917,0.1600052074832056,0.0,0.00023685016101691617,0.00015054468598816586,1.4669232250924473,-0.12429154728461157,-0.08294324904922586,-0.004217984097101513,0.002843927669149048,-0.0014160271168543045,-0.09331065180910854,1.84045764902224,-0.00229714215679073,4.19132062002481,0.5092592659614392,178.91475818517324,-0.8284412286777431,-0.09689741295587731,-0.0007446543876051655,0.002936868682661985,0.3120816761275725,2.954071818996056,4.237959878069932,-0.042246864405961544,-0.005227558773710634,0.19661188266024074,-0.364649977799116,0.02994819869725329,0.10769272026751359,1.507855070145554,-0.7783147293061704,-0.025820284420867107,0.029622306246004815,-0.014265136652199722,-0.010098071490079527,5.99352528640507,-0.18824770911519112,-0.2035594379642936,-1.2528020058421119,-0.0008094641510137775,-6.261510662858721e-05,-0.3080161522770267,-0.0015692839624957954,0.2366664439439228,0.05836788466184641,0.007072487467271809,0.6888997931826559,16.960816738740714,1.2080625548996795,2.6530664914767064,0.9588387668524637,1.9093519463484159,11.07980167796194,22.96993414255015,-0.012591899007981786,-5.339288124062491e-07,7.99696701182457e-05,-4.107021896684366e-06,8.512798649144436,0.4948510217942619,0.10860554878991542,-4.0544259288457765,0.8639614488849564,-0.0025747031747798063,1.852738606858431,3.538932731248628,0.11744101717512193,0.03738440570688309,7.4951719671946195,0.3024720632347401,0.033322251639521065,0.01876479162141658,-0.04473155834422299,-0.13929149798542548,-1.4317393655035893,-0.00041362297385228656
0.10113844626231988,-3.0725830837056174,-0.023134692562562537,-0.10240765177278081,0.03969624554293673,0.01291473014458462,0.009075665585308633,-0.16572520374005348,0.12883309308062496,6.6456550596382415,2.8829825242547695,-0.13238666074484426,0.6012704193824095,-0.15108020733931432,0.04956993386034076,0.008936460714573548,-1.5894877773740528,-0.007744569872943126,0.009257963301302583,0.04179657211760803,0.33764218134592683,-0.004418836359331293,-0.5607634895162454,1.3993755477478846,0.0,0.0002483967307108308,0.0001505955652683295,2.32474667623273,-0.14914863714378562,-0.08738978576877177,-0.00017957229046486033,0.003124635997267745,-0.0018019180364157636,-0.08192810351518263,0.005385209789706343,-0.10061800826751977,1.5189944702201181,26.06027116045478,0.0686463914892587,13.325009191946558,8.088550239657016,-0.0008449365192749695,-0.0017982653650754248,-0.22465695416953899,0.9107736314553935,7.27613307735705,0.006123134039258235,0.006175893207783342,0.20700234816571728,-0.59437104421798,0.030106246242013752,0.003701904692810891,13.34090450315329,-0.05374018359121603,-0.052148537820236165,2.206385423203352,0.08144038216275112,-0.07336218948442626,15.145592820587416,3.176853772009018,0.7106036449431664,-2.323910528719422,-0.001284038997491424,-5.3932656032554884e-05,-0.7582749599034192,0.04099532158551056,2.118189221470765,0.012106273101393427,0.003775529337998271,3.539086336167478,20.585957715974697,7.156714484971747,6.085756279074901,4.3186650920362855,7.469788943687509,7.035974362669919,9.985284739517885,-0.030601319734503325,-6.503396368088179e-07,8.67647115471181e-05,-9.536925398301874e-07,0.6835166915669214,0.9223577903204239,1.3963203681635261,-1.78404616261443,-0.2829091510318045,-0.001210066438241876,0.817598280268782,2.6365267650089783,-0.017167519343609817,-0.001128203247256101,-0.12239196605031111,0.5193664897761999,0.11194163745776098,1.8588919327398283,-1.050110610178898,-0.27068985701254783,-1.8458307910527503,1.2049167817160713
-0.04382410534524024,-6.194394315655737,0.04429850533167021,-0.31243962616368215,0.027844640557274158,0.010284153262227395,-0.3750456964570003,4.160503513712022,-0.4532794118786839,2.6137125159643158,-0.45861316337907554,1.1684400216512305,-1.369490740093815,1.2404899497366715,0.053834841668775855,-0.01496367635401968,-0.012012160155112838,0.019659010868667812,-0.054253577378406796,0.14450216307545122,0.016121069498044226,0.019205813066867986,1.3820476000498434,0.5742595150232616,0.0,4.840369279724274e-05,0.00010855852603868941,0.45132082211457136,-0.12850178963069397,-0.07681841921501832,-0.010779014577389766,0.0033582749047196925,-0.001806957540987041,-0.05116461526299914,-0.005204169907459786,-0.0023165767909466605,2.495428517764383,17.666643750636783,-1.627430826437805,-0.6226813781890124,-0.6662257034916091,0.0010246055432619485,0.09051909105843738,-0.3659250425362908,-0.5483354143290435,0.31986475882821985,-0.12296993916734245,-0.008331017631285041,-0.0730139338472254,-0.944389832335624,-0.8162486949058573,0.009350023173920302,-0.41412234087159944,0.828982441291939,-0.04266615689448067,-1.1193771905675733,-0.020687591212233316,0.5229085373924436,10.351951183853219,-0.17737003636215654,-1.2875339379434296,-1.689142179021254,-0.0012849193872761554,-7.683180665497205e-05,-0.697752927328213,0.011811729163382351,2.379990766897956,0.023333798600973156,0.011159931817774627,2.4227441026835215,14.129213326461652,8.166935765210392,6.5028030479556875,5.916011759079169,10.375685233845886,9.113261206502406,8.150218316313005,3.143150307372673,-6.503396368088179e-07,5.3442129752037776e-05,-1.2150089414786405e-06,-0.22508248052324842,3.30011371755613,1.364115655302354,-0.8530175755007544,1.1394163098002972,-0.01854384031822457,0.1070935255987359,0.011283955528824578,0.41558659179447327,0.05958363281250968,-0.1422743408101816,-0.08538304375295967,0.1374230499570449,1.8727676181049278,0.08322412815371077,1.7026609183124615,-1.6986565805802423,-0.5489050096790076
0.009065807937093757,-6.11074563457999,0.05182522448494774,-0.27097734318692324,0.20796768106255736,0.0029846302899593064,-0.6397278967023284,1.7231551819136122,0.806332301443549,0.0057231413002876924,-0.6353618602357076,-0.10602493819606872,-1.4344045848128522,0.16937654806494284,0.07028189294796401,-0.015817489656109827,-0.010865776684785035,-0.10384668849674823,-0.017539263084389804,0.08937508050033867,-0.037467676864959124,-0.0026418680567424887,-0.38905961664091937,0.35555135653927955,0.0,0.00025012241050129894,0.0001504926013454265,0.4590273408673987,-0.12004766254372952,-0.07327951122871042,-0.0019925903710051257,0.003231325416932798,-0.002071098530864405,-0.17167665231064014,-0.003357791760690622,-0.0023009494210571176,1.5480745456161618,2.3483096693547463,-0.6419558310773994,-0.6347801104766752,0.12216038281447933,0.002020404044268959,-0.43046154561496036,-0.3556405387214881,-0.009192005156893479,-0.8514505085833362,0.05900750685349078,0.019350207151530425,0.08239250976942829,-1.0612171954476928,0.10345406220461757,0.009088557153806097,6.8809369868871695,-0.049139896444412516,0.028495698149422197,0.0535685713772152,-0.016571999030041456,-0.3198172689116187,-0.6125480500272542,-0.34552387133281715,0.7703061510207445,-4.217542418168215,-0.00128415766118626,-6.490697523678008e-05,-0.8984102060458575,-0.0064974726069048595,0.9662384423018279,0.0538935055012915,0.015301220883240187,2.105463599143956,11.215163281368232,3.648943580049289,7.41370199752956,5.582237961591734,8.005193206727048,6.545129271368863,19.025542590918917,-0.07181344527672746,-6.503396368088179e-07,5.348646107539242e-05,-1.1720033626808867e-06,9.357169744098508,3.0051225858808888,-0.6430408560849086,2.9995534821889556,0.10018388923230434,-0.0029912275947919977,-0.009185222597797468,0.1779205798305858,0.5288278542557177,0.17600129418121455,-0.18791838211170409,-0.08788525481825349,0.17700436853856613,-0.44691747450094227,-0.010741696110100344,-1.240285890706287,-2.2201563428378615,-0.5496060062165571
-1.1749608117665409,-3.0891309090736887,-0.0534054026276473,-0.3727057995383843,-0.015185132341800767,-0.07279806779130862,-0.4410861965833521,-0.13440554197980112,0.09669080845558839,2.158885096251864,-0.008278783789547975,0.010824862141275442,-0.006035367024053065,-2.7360507388331485,0.0440714151375795,0.012235121689355253,-1.4480235098425727,-0.006112787279671487,-0.030403777616316827,-0.03257871744991769,-0.2349210594068867,-0.004584824211785787,-0.7277869050689874,0.2764867497974724,0.0,0.0005538266696453947,6.49345519112288e-05,2.7318060230861563,-0.10903342890528366,-0.07723290057700248,-0.0008601178684594067,0.010188454449113604,-0.0020619571701572807,-0.06752071426493574,0.02818305389317275,0.009243228325115049,-0.3269956919973849,0.645949734918508,-1.743058269323491,-0.37193456795636537,0.16044386419061976,0.13977532714160534,-0.012749821367833883,-0.31156016158548766,-0.06589000621863145,-0.5195242624175098,-0.34778884918377706,0.03954187007458091,0.052713549161234136,-1.1963773506539366,0.012257117540086723,0.005215374002762192,5.3095636195122315,0.057265009496256486,-0.06529875352962056,-0.08923207709973255,-0.016002011046636296,-0.010387976991660207,0.20288989968504192,-15.3225859780111,0.5099381446650995,-1.387580252753568,-0.0012724208678522786,-7.648579763384211e-05,-0.956922588466163,0.010450807509276521,2.5910791614558986,-0.0009609745993022204,0.005824920855273311,1.9792038272564867,12.646661933663022,7.366218564075354,3.2163125827268817,-0.8977905305237173,6.1161873691421045,3.282033168718368,-0.6844653498293147,-0.3056554010894512,-9.90484640342908e-07,0.00011457927420810204,-1.1690783103780724e-06,-0.01268315826574644,6.419228639274706,1.1803193355541841,-4.345106165421515,-0.03352529526553261,0.004120698556443653,-5.955504823230416,0.27504526510615857,0.1032483845568103,0.2861278866280377,-0.24408878077506385,-1.22152167416123,-0.10887169277141834,-0.15681506287846816,-0.05130271219263519,-0.2101609090827184,2.725414448261072,0.030430296781395944
0.203751786638833,-1.225157497374734,0.013161201691995071,1.1441378129339594,-1.1244677707684587,-0.02084311005823842,-0.338675186380924,1.0087575790735297,0.24418777882212286,0.007316932472991865,-0.011158608801684056,0.00408383727164909,-0.009428288284172437,-2.5841915417804002,0.0038185626865152754,-0.013850565904271714,0.12699862725886657,-0.07896231851767473,-0.031906762737670936,0.0807038715295382,-0.018877280455074096,-0.0011607263264226467,0.40913294537186046,0.23662461659717224,0.0,0.00014085889227785845,0.0001504926013454265,0.03731107713589256,-0.11393230565925755,-0.0891938938647863,0.19258099480303717,0.010292745222035077,-0.0023546595914120372,2.7916224026523597,0.6455289066693427,-0.0037057038625244905,1.2949311128056469,-0.8844330321976585,-1.763600108745229,-0.3970992529090312,0.8415335175992406,-0.0024723531706159598,-0.0012721303822023924,-0.302077615437003,-0.0286758608722571,-0.48079038455679074,0.01810516956895621,0.003377777508289114,0.12580625548225688,-2.477929319886783,0.19748064019731,0.006628392571504766,-0.25073365273694753,-0.0698439151614071,0.02904959777043608,0.5117441808420425,-0.017427945187702274,-0.011464716468011484,-0.2619409197507253,5.716727120052204,-0.3722565223270101,-2.346230760390668,-0.0012715362277354203,-6.490697523678008e-05,-1.3253474757918826,-0.0022022289902343508,1.9562694980353885,0.005646716177788861,0.022611681290661715,1.2417553954434184,10.225220909015931,4.779342100374563,3.5021048731223514,-0.844550055779374,5.008859474719155,-4.588222951302318,3.0940349385944788,-0.10212982316055376,-9.90484640342908e-07,0.00011457927420810204,-2.5267374859343264e-05,-0.21070108269470236,4.206620132978289,-0.18419681085956735,0.6522049692844283,0.23646532673667564,0.014867304398824369,-1.1798402641808674,0.596504341922596,-0.041635205370148656,-1.570473626965646,-0.17810822844093527,0.030674065414126775,0.40258840197888635,-0.15657208787442725,-0.03403476624661883,-0.20655349045756538,-2.4149644810853377,0.09819045167208416
0.10933969028625481,-3.489969445574459,-0.04091697971421103,-0.06472482160038698,0.028214768616711308,2.6628692714343334,-0.31288940210513955,-0.06943495449576458,-0.5541270921851328,4.739438554874614,0.04017825351545389,0.0047351302354231815,-0.03074924713479062,-0.5992599793971946,0.03052052226158745,-0.016150368125534522,-0.1818224150102016,0.9481341302118462,-0.17896753014719977,0.07443751818098227,-0.0823199498372388,0.01718240838012019,-1.5182373973148326,0.5487083986428511,0.0,0.00024763428864023074,6.735948403830938e-05,-0.8545323762436162,-0.1589007827223306,-0.11269092690325004,-0.003370301479105321,0.010308744443847747,-0.002150853493377648,-0.13401413672083531,-0.004470804337648412,-0.26964320676947257,-0.0670902242325927,-3.413276073228154,-1.2346604086781288,-0.7459038117103395,-0.05352864843781563,0.3475110288812685,0.03637101883507585,-0.3305350434446874,-0.0010071205773396698,-0.6461396754583669,0.0355531886006993,0.010840612282214048,0.24479275849476476,-1.1008684043701369,0.5191789853509847,0.005220687711564863,12.812878051164537,1.665062851700312,-0.0597848427429696,-0.6030790973186583,0.015344445519954316,-0.008688295487789177,1.90318211018466,3.06279702498396,-0.3653538924950122,-2.1015844381979365,-0.0012859493442301606,-7.683180665497205e-05,0.020421154445252866,0.17542190648608585,1.4511088258390625,0.008479203955190735,0.024643472330225638,1.4123282567236655,11.758564161860525,4.880651257354335,7.619938724043039,2.3285088138698296,6.948141461440172,-1.2867930192142836,14.460004028867505,1.1584285212988386,-4.6208660520185843e-07,0.00011228836420575456,-1.061695949372638e-06,0.17262119938457246,0.23020698091603697,1.4738981736437973,-2.4570896538818263,0.18189672476754534,0.86169238523861,-4.801147597210373,-0.0683760503457313,-2.1275922356171475,0.1810937068976523,-0.13721693111017594,0.6243490499283493,0.42793664335406034,0.01441144965174094,2.9681327782576123,-0.1050833228621233,-1.1497810089384217,0.386333619956378
0.26682662709734106,-3.546802961767139,0.031373877911330485,-0.37031064974412375,-0.003982514889522312,-0.0856560497827571,-0.33242730745152166,3.2320068720614743,0.2694118576325856,-0.11337353013019917,0.031830759600719245,-0.011424918389753727,-0.08294057393896173,-0.017061724067118707,0.0691462297980671,-0.027135203629882976,-0.1405812888918638,-0.5110882654314998,0.03374067148088264,0.07962211530002569,-0.38758336432489476,-0.005177523029659949,-1.252790021746626,0.03456164816689901,0.0,0.00024592909827986936,0.0001504905240727074,-1.581036043720841,-0.1115938331682292,-0.07741162626419439,-0.0023815582472466647,0.010387373822751296,-0.0018031986876291583,-0.27617333859454646,0.0040040462493480715,-0.003703401526673107,-0.4023703809467486,-29.26199746915892,-1.384011470452199,-0.75131479913458,0.36781716632992195,-0.002246029419029796,-0.0013706793070654777,-0.5127706543999603,0.17593158565902217,-0.6186645059244893,0.04892268801975453,0.09884363841987437,-0.7337411311657732,-1.2176146807269914,0.03283808956977181,0.00403529774672172,30.407153121070632,-0.12827098740591694,-0.07988356871050063,0.03600335422519292,-0.01813103620518116,-0.010813664227146264,-0.8162687144756984,-0.25500115900402265,-0.3658730998617745,-3.040630463257902,-0.0012849766301922811,-7.648579763384211e-05,-1.3088541251640242,0.0074833067521203455,4.055738423599448,0.02116371100755952,0.016573296478383532,3.32690699035603,8.283770827742876,9.141217519653932,5.004820227092432,-0.6043167937624395,8.754713729974624,3.581288650791664,7.791119136204089,-0.2953636736467026,-6.962692665875513e-07,0.00011266522126883922,-1.289395526355345e-06,-0.2684115582148236,9.017323056380093,-6.325561794526424,-9.426036045211683,0.34812465644183155,-0.006863820199170546,10.861604794102735,-0.06205429878716066,-0.16604914671783624,0.02389499209764884,-0.2065654057391382,-0.030715572463305495,-0.41904935413749106,-0.1430662847317268,-0.06575640707082721,-0.5601636258716101,-2.5664289902642867,-0.008722617001186409
-0.23431244776199614,-1.5470325424894824,0.06573185748283444,-0.34420139678745654,-1.1747049921029382,0.06613431408498473,0.06527509086514313,-0.03670657200050488,0.09791616177045229,2.198105487165078,-0.0036513867748173795,0.014814006962951123,-0.07748424543913363,-0.13251814073664855,0.05332906052959929,0.011560317086563913,0.14387112115393616,0.032079032793428386,-0.002953718416707841,0.04087059327261681,-0.08717201105970242,-0.0052477765888494544,-0.7093392216446748,0.36058980939392327,0.0,0.0002479653457234425,0.0001506572566555685,1.0682168870173026,-0.13329178757412138,-0.08857015117339577,-0.7379224952066085,0.01014904897362193,-0.0024968236825693925,-23.999195827828604,-2.21220261601071,-0.0037014857797066335,-0.3343574449598511,0.78934451524286,-1.4689377854349863,-0.7497302649860319,-0.08632575746474203,0.0021461608402989158,0.00011157921459718759,-0.5871694788871408,-0.003642934681151906,-0.43871992469121296,-0.021197793105195952,0.03979578815070877,0.3386630735227632,-0.8185567013964113,0.08039578514892114,0.006371403262715356,20.859918451605235,-0.20807702532989858,-0.15776733471426171,0.05290675433838637,-0.018351542771253372,-0.01134032466885836,-0.5726133280248454,-0.26878805407734396,-0.3485714515725323,-2.3919083924306626,-0.0012646105990198418,-7.648579763384211e-05,-0.2227745910428714,0.005041392501186442,1.0027492969124914,0.04763209485484802,0.025059580667603793,2.0405961361228266,8.205988899070288,2.4390754270596005,7.146629222181675,2.54665754359196,3.5023890182136457,5.067442185450647,12.18912988002435,-0.0034806505926819045,-6.503396368088179e-07,0.00011266522126883922,-1.108325011106633e-06,-0.20915669903577674,1.217795909075718,0.13373570608638563,3.8601748790614256,0.7563377844596338,-0.010271846631248457,-4.520095087366641,0.05834368547827188,0.15528620279675687,0.03938755004772464,0.04579421473849537,-1.2426170416838784,0.19263974629583133,-0.15103888000705346,-0.09812341761237804,-0.012611377086923342,-1.2828832386002318,-0.0023842175959601303
0.18338439945414278,-6.409874761684824,0.011476034266374066,-0.0020424224619002896,-1.1752974820718165,0.9019876249965902,0.04053578669646357,-0.124841622386358,0.19428214173288263,-0.25789235137350425,0.012440159028408547,0.044470165581529914,-0.2519308472596518,0.13796159601628952,0.08595544633884833,0.01278611399324122,-0.25027151634398537,0.31362624965195396,-0.0029243956787146403,-0.01701842354496476,-0.9966154516469189,0.013448635759083592,0.08306950956662411,-0.13416241906924864,0.0,0.0005333604414422841,0.0001504926013454265,0.3103903690989768,-0.0887414121021128,-0.14019205616219002,0.08234184246114123,0.010182911468437281,-0.0019131713142911105,1.036151751152148,0.06780454215098577,0.009212379647821288,-0.03408697684535388,-0.9859194268217012,-0.927575358936279,-0.10796298775441578,0.35291374977011114,-0.004034429610765892,-0.0005041657876174588,-0.4214426452331431,0.001672717981896574,-0.06712701155986145,-0.0120460452089707,-0.002469168828979472,0.26588270797331914,-0.062165004961766794,-0.0016013806265700718,0.0013623507114660432,-0.5133094491479268,-0.08349933952677274,-0.16049991225794988,0.026010548038039295,-0.035692607040150336,-0.011515360347082644,-0.1551059556080514,-0.7043629413454278,-0.05512741696452819,9.219500086144153,-0.0011039107021780811,-7.221621485988734e-05,-0.07131120699070095,-0.0010525065354451127,0.509489963922706,-0.0024438019266454845,0.025438805472173455,1.6436300369646244,1.5272970698853123,1.2619727400895575,7.401395809959406,7.329968969596728,26.271954855318143,23.90436338065466,0.16568240755184646,-0.42257446189391257,-9.90484640342908e-07,0.00011457927420810204,-1.9257927185227768e-06,-0.019590094599132683,15.329064476450638,-0.10446650625141146,-0.150111704310704,0.0024369861384832725,-0.00188547169517523,-0.055912087598694794,0.17894809747818244,-0.03662389452129907,0.12433226660193436,-0.013923102544124584,0.020858681960396648,0.6727599545847632,0.03320569197121522,0.12785050272175705,0.08792111968596947,-0.6483702272531141,-0.004308333459925409
-1.2326434371836832,-1.2948224743252155,0.007623973761709207,-0.3716073083360806,-0.01944333377603304,-0.043974287614898584,-0.3302246920904014,-0.5516390743911277,-0.5673538934029988,2.3761428454654623,0.035993898939767136,-0.001177654370022805,-0.3519200282486279,-0.17302715656884135,0.05084507170049111,0.00985163412970927,-0.04915091602912431,-0.1391984260222571,0.011477980557113163,-0.029428917874437157,-0.9343302365682431,0.08964886946581474,-1.2627427151344988,0.23772383285972407,0.0,0.0002476582377288707,0.00015059606074468513,0.11673342880476231,-0.14610906198721815,-0.10080114025959863,-0.00526268882712452,0.007826136141190692,-0.0018112249602703903,-0.09383435861331545,-0.014211803960924547,-0.0043707726948316716,-0.25459580440345314,2.8335950869968163,-1.1703661377003165,-0.7102692478084982,0.6827046587614105,0.0008125692512551137,0.01619628749968942,-0.5047880477467735,-0.059601029789265375,-0.5555409012285003,0.1407943117115261,0.0052901917113948056,-0.7315033348824063,-1.0731519505164706,0.019693098622199735,0.012162907670675448,-0.7422733178998937,-0.1732096936559123,-0.05656670244866541,0.03335221457027798,0.014850126273718824,-0.0059274530123205596,-1.1390192834606958,-0.3308103465096334,-0.4101924348085229,-1.7647012440211993,-0.0010844647235148702,-5.39326560325549e-05,-0.7661528300040583,-0.009646416314254405,0.91171672292374,0.022607492661543802,0.010343645111752795,0.7201192879509516,7.19369993555261,1.634711012063165,2.36977442350411,-0.9980243924448875,4.940898803219859,2.662027365854262,7.825645290729945,0.8932912406568344,-6.503396368088179e-07,0.00011266522126883922,-8.130095353451321e-07,-0.26261959924936934,-0.17420197950149158,0.2011936279784669,-4.652434387794134,0.40458530833899037,-0.09292331000218061,-0.047585618581275954,2.491464529523564,0.1412465641377088,0.8723340852135602,-0.21233556415346894,-1.3011452645111532,0.0510785913919867,0.1271434457360923,0.0507640492606424,-0.27539479737625633,-2.5491607931758278,0.00048103616671415605
-0.06712153428397387,-1.2331876527532366,0.017530580934608176,-0.00754809435137429,-0.014591091962829775,-0.02599770530495831,-0.3040168050351609,-0.10609098335380769,0.10212356495706026,4.017367215464561,0.02068436178473904,-0.01397417882642357,-0.017666094007198308,-0.11149273794990887,0.02571472240802003,0.009444313779908384,-0.15372136385662202,-0.045115776070056846,0.048206359806262415,-0.04624084544856729,0.007190108701073646,-0.0031296307319596075,1.2169822626164233,0.5442402443953919,0.0,5.603725185211664e-05,6.49345519112288e-05,0.035555215192734246,-0.15211252160956418,-0.09408497511547952,-0.007382167428174309,0.010132463431030582,-0.0018054099693614214,-0.12720178744858493,-0.003951886999794097,-0.003730173522079474,3.998047549131541,-2.009714502339063,-8.881402962599745,-0.3762189737346087,-0.07562497260546341,-0.002937915860447113,-0.0003194286898979912,-0.29888325571005786,-0.09611965520425761,-0.4210297030444112,-0.32076904738179146,-0.005942335042855622,-0.057026489870226606,-2.5078944123964435,-0.10191328843030496,-0.003971480626067269,-0.25532328951041594,-0.15685604265371522,0.4111493232485796,0.5387239391037896,-0.015321014349247151,-0.010111170487790706,-0.14260859182267227,-0.2954260046191728,1.0798700833495027,-1.7324344548456014,-0.0012410603865013927,-6.500497852722872e-05,-0.4037527713950854,0.0012329433169003278,1.0513893615394345,0.034586058202100395,0.009357458788156853,0.6931780335339036,10.502409546934043,3.429728793356475,3.734303902632199,-1.229529833897213,4.131811372291205,0.6556521980133759,3.8396669563272328,-0.0754570445072657,-8.847826593795416e-07,0.00011457927420810204,-9.899005489218506e-07,-0.2150788848001539,5.593772223838896,0.12266474978780274,0.6197799639816219,0.6162787427929158,0.0035838965812869947,-1.9098286205636759,0.5348296748731095,0.09723339212367534,1.2537800191819897,0.5173654538313808,0.6280012451161878,-0.006217540305978525,0.015973670997966018,-0.04302707883364209,-0.22424711745157289,-1.7316698276273057,0.012705305080127589
-3.4255684809520277,-1.9098528833327517,0.024123837210253223,-0.35543866073852226,-0.2857588190539046,7.363858122601868,0.5274209801997326,-0.017911382905383834,0.11060383609279767,0.024802042326929535,-0.011432453157182262,-0.00262764960445816,0.020156244518258083,-0.34267907492400107,-0.012693245369987028,0.028538112594864842,0.32548962263990605,-0.18814528383499893,-0.008807329297551403,0.03486743185173615,2.135337666347487,-0.0031770551227340675,0.01875507221028872,1.1129801368145609,0.0,0.0005610063397323529,0.00015054468598816586,0.22913212720902962,-0.08575627633488263,-0.0838576756143038,-0.014248018617949656,0.0030357986408832134,-0.0023384854478849504,0.5666255236274551,-0.010092754243805173,0.005730556159922541,1.1066754315973109,0.6602992665049653,31.79102969761131,-0.8879091890577113,3.449678122844324,-0.0029932696475553763,0.006005274213968766,23.94199657495238,1.1979463495658897,-0.10267811994880481,-0.022015010311681127,-0.004768519234027398,-0.03280941645455165,-0.707422181426999,0.005720048906876636,0.4401269931814515,-0.5752947440693924,-0.16010478346643545,-0.012969865549819753,0.012446686138385557,-0.0161840602159413,-0.011770487501864088,0.04641045682678331,28.712655115562686,0.03885332974209398,-1.5723553670741195,-0.0012736862319934542,-7.648579763384211e-05,-0.2430635824724288,0.005508904701056504,1.4262086636353266,0.0027462635589219657,0.02211572054738506,0.34182873914631734,16.376262448323274,8.47672835028215,7.113794694986496,7.7388480111046665,10.170583486721492,25.81303055039661,14.447570226598762,-0.15995840814162082,-9.90484640342908e-07,0.00011266522126883922,-9.72281645089176e-07,0.0019165687360165819,3.4947568464224754,1.0197838465933973,-0.20389206671273766,1.0653143036183699,-0.002790207189280817,0.0973997982848423,1.5834218780292626,-0.03208530685048775,0.048824527950844465,-0.16840335437005996,-0.04067383987040513,0.11175490586021686,-0.12058254512242313,-0.018981152546054408,-0.1518898863796474,-2.1250824115255913,0.001941811815900526
0.04550559842230838,-2.9696519326862867,0.03531616998220614,-0.3036202183895702,0.0185100082921497,-0.038890568659927016,-0.6803383755653655,-0.15944237634656033,0.02309760245128862,2.415541692727244,-0.590620648151924,-0.23370142748876463,-1.4344791831156132,-0.0482562988730198,-0.0018525129613428755,0.009403095237410853,0.6905048913054576,-0.0360117680843606,-0.018846414097249214,0.08349141524717925,-0.2710417103486009,-0.004326949067259671,-0.38871143256048946,0.2229764650071516,0.0,0.00024863921503897414,0.0001506885143406311,4.250066558925628,-0.1283024492948776,-0.07208545927367424,-0.00740113294019689,0.002158383179914314,-0.002075134269498203,-0.10199883341360301,0.01066162554611045,-0.0825462699126897,1.2136048769450694,-1.0047688112780409,-2.5469261051448524,-0.8054609039850497,0.4162367070575079,0.00145884571081766,-0.45724480994038824,-0.38793145562998865,0.17786555225745557,-0.2859542503096107,0.0053022289145638,0.021408008407228802,-0.8113783927131497,-1.1623035824263097,0.07079163588070432,0.004290268443019265,22.192991266415888,-0.202796437517831,-0.08441456113503452,0.04862818212556548,-0.02148459792108107,-0.27532409598072777,-3.5108303233041167,-1.2146799885217752,0.614354224105093,-1.9243221293514374,-0.0012856012366897118,-6.502411111901603e-05,-1.0413661906488199,0.014318223304441062,-2.0315244213408117,0.021302088983008883,0.011111722959256592,1.4302846029996985,10.37162172542693,3.270255665159453,4.1417124932528875,-0.40226166416735415,5.153498875360243,2.9726186224113142,7.534848148034115,-0.0217405828769039,-6.503396368088179e-07,5.2603447126855924e-05,-8.973940460858354e-07,-0.09306956426113304,-0.3369900858330565,0.3442147354733295,0.7175226576850083,-0.4691228638874171,-0.00444624594517598,2.3710379330496587,-0.7362759111024808,-0.14000798581679502,-0.2309156609488334,-0.16441869988796265,-1.7622398931893901,-0.030155792662426673,-0.5478133350848415,-0.03328048141265838,-1.6373996410975884,-2.324112472953456,-0.1165266549112092
0.18130459175274138,1.525724317811744,-0.018416878854433563,-0.10113136621225392,0.02579832946382219,-0.04236045218514953,-0.3070029180994871,-0.19271236097549582,0.9557471856642216,4.036955216202341,-1.056259827430268,0.0008162632610197126,-0.06499134488188,1.231980071462023,0.03198776718143574,0.020928767388418815,0.035198625791341503,0.031516971190050425,0.04278341080858873,-0.06858514503241736,0.014983836006424953,0.019397327319460374,-0.12919610013272403,1.4578872671238168,0.0,0.0002474665942781344,0.0001505955652683295,0.02519957680395483,-0.13634254862324915,-0.09179334535385354,-0.00659189991736252,0.007679849592609806,-0.0018064936446487527,-0.12586568717390337,-0.006377928204970811,-0.364757929108532,2.292869848131696,-0.07941338709020747,-3.176972687491674,7.083843321871583,2.20025975783731,0.0014174816767612236,0.00485018817570384,-0.24682067969528715,-1.5891977465857987,-0.4166500175808826,2.0900173094372128,0.00702082851643955,0.17960916694660986,-0.7867708404575272,0.017664911238886034,0.005161857106662273,-0.68905176851537,-0.2139188083143781,-0.0015555553017690268,0.03438004513470013,0.07352987400867568,-0.009168219500544765,-0.7465596594615002,0.15006814492016532,-0.33564628728086077,-1.810177245250621,-0.0012421678727396097,-5.3932656032554884e-05,-0.6648755752591297,-0.008366300369137486,0.4037375663896305,0.02355653140058803,0.007851567618252326,1.3920171631317597,14.649779745736675,4.45076622722502,3.0071255132142323,-5.577691937339871,5.919650691496623,4.300869696533656,11.558119754149864,2.8152541129880793,-6.503396368088179e-07,0.00011457927420810204,-1.00499911624301e-06,0.09607258957935746,-0.058847773217866314,0.3733034753860609,-1.0365654251343583,0.36416734434876097,0.09205418785311438,-0.13394128021381296,-0.10313441094635846,-0.015738139266083605,0.17861491179036218,-0.17512610958738065,0.6617967459497366,0.014517914522725125,-0.11998028552032632,0.016218036598786515,-0.11551316102384487,-2.3570913496954713,-0.059948622857451526
-0.6500212325224936,-0.09452001892106308,0.009950534801018276,-0.010846151042566723,-1.123409314842585,-0.03690791537144906,0.0010053530203293771,-0.03203842429597954,0.21414509812703228,-0.26393564730248,0.025515695670813847,-0.03219127395136003,0.11250769901691672,-4.391590564410307,0.16368933704884772,-0.3256031519506835,0.35934230162677605,0.0944818980227792,0.005318897690420771,0.002413742866373029,0.1746343250812522,0.011769925526659236,0.05263802121859489,-0.13388203594712775,0.0,0.0005546455319156645,0.00015048452009332758,0.03738257623858761,-0.07414512368972619,-0.09461780568278688,-0.0060971102913039065,0.003152653833568718,-0.0025055252165495203,1.3240407290755292,-0.011121769783633908,-0.002295839553597582,2.234649464048279,5.058167007163821,8.636443771908906,-0.2964885185172257,0.2662711648989122,-0.0019412790473915906,0.015211856624892118,-0.38355482725976914,0.028844280210327103,0.027682880023686726,-0.014391684828418745,0.001817194631362258,0.12136522241072056,-0.11472511875337833,0.0021528211146203194,0.04739726119429547,-0.5307645486343491,-0.01790761567523768,0.08704446169231461,0.03992299651427449,-0.015608949909930505,-0.009931270696004958,-0.5109278137066623,-0.5059714120835526,-0.9677252967770461,-0.6790426067775188,-0.0012849526076629788,-8.369703396650074e-05,-0.17447692633115164,0.028686581292625163,0.3446680921770455,0.01167862028699394,0.024244922215076115,0.6988398922304726,1.431206548985207,1.7421908144093134,2.989687349304382,0.8186341792592295,0.38750610305737593,0.3600912713674298,-0.5310010780730123,-0.19286578441238109,-9.90484640342908e-07,0.00011457927420810204,-8.865186907449604e-07,-0.043393771713723175,-0.37041429611318377,0.505486286009801,0.7518845372159624,0.2418879891822249,-0.001813319559387447,0.1372360472846038,-5.292700872358643,-0.02163739941943661,0.05877697295181479,-0.4912865002951118,0.02867115555111288,0.21610760940358018,-0.08069993244095595,0.23415884842511905,-0.035966963977421246,-0.6483436141454308,-0.012630464430406474
0.1946408744770405,-1.6240506055540709,0.01636875362436471,-0.37883487160631935,-0.28609836112026404,-0.1200038368047808,-0.2982912520826262,-0.011367029794256843,0.24375628365122706,2.1774503692717335,0.07072653989607858,0.011821848847025326,-0.9129991882078131,-0.13269315324511521,0.01062105261657401,0.01334132815390158,0.10814022338475439,0.025850493455544948,-0.009672869079036986,-0.26286742611482716,-0.22078526561550113,-0.0012449013799513682,-0.1911109752697094,0.3003851254853128,0.0,0.0002464675929504847,0.0001506572566555685,0.17004151730496658,-0.11856412127475213,-0.0928285175414016,0.07821165654284672,0.011092424955446796,-0.0017962310952002482,0.5483192039257638,-0.03171072797389323,0.00866172719828679,-0.3307260447163383,-0.8753191255495658,-1.3313841159661777,-0.47982242639304323,-0.12329001528268788,-0.0011772179299769188,0.0009217910157659574,24.79417651590958,-0.0795771000715788,-0.47595108121970997,0.13441296700951896,-0.028137908142548622,0.1469507055726125,-1.1556924345714665,0.020959314813407216,0.005888323016396316,-0.6837578526970455,-1.2941370034296458,-0.041096426262577,0.03721864370987836,-0.015605918323173899,-0.011442004329215726,1.5474105004296992,-0.19983732898782924,-0.40533235620348634,-2.3328307073862824,-0.001243831278236081,-6.500497852722872e-05,-0.94695477692429,-0.006559896319590856,0.2640299304163517,0.022072433612540358,0.015503482298459829,0.39358989277020634,3.5173812654356067,3.9937416696033723,2.244563761119871,-1.4889026784176043,5.487431493929447,5.478758050459258,26.27457701434374,-0.08018795166930023,-4.232754250401511e-07,0.00011266522126883922,-1.5392439136267044e-06,-0.22579627779400402,0.6595420924459208,0.11478713948846873,-5.112170016562647,0.3625747185024038,-0.011360350138147235,-0.04635515991485745,0.05447454824931897,0.009165527337045273,0.7859210956454842,-0.19248901268156085,-1.2847231478789916,0.056990854191939395,-0.13004709432349956,-0.09103767142316481,-0.24947259535373342,-2.61367626104268,-0.0042128596617591624
0.21854199485217904,-8.324416231013647,0.02175178908190928,-0.008395587794111694,0.05393479952636808,-0.022864960358535726,0.06732498962520297,-0.5595942677679235,0.14208157571537894,0.0058115145493049586,0.030391446208819124,7.430202723199389e-05,-0.016858036047341454,-0.00040735307287812633,0.05457694846857323,0.016811924704544998,-1.6361296813521276,-0.5082418104124846,-0.00040785926621008105,-0.3189683531665512,-0.9622620067108358,-0.0032779052685854015,-1.1109342796547916,-0.09259617957024754,0.0,0.00024761422576266204,0.00015069003983303182,3.04891908319494,-0.1305670500640834,-0.09254335306617631,0.005702450870198794,0.010542587631248358,-0.0019066132394836123,-0.4072014695960131,0.006455922556273108,-0.0037023144575704186,4.136908002081347,-12.933582046012647,-9.022416797337593,-0.48450259909501053,0.04193881508968422,0.0006597888581163018,-0.0012584181544346268,-0.6203336821477543,0.059431317449220436,-0.3210252524440702,0.049559696018289724,0.09546573714991091,-0.3313786159833766,1.6751223576597878,-0.21256639653953602,0.004297601820946392,35.84029181815239,-0.2965575151308943,-0.0028434557049705524,0.04987682736321425,-0.01664495674611306,-0.009354512867198439,-1.1458850082135459,-0.16204790280282,-0.3459497060410539,-1.7351203085346576,-0.0012861556057813803,-8.404304298763068e-05,0.0044188616937362105,1.4383546564140058e-05,3.24139524074842,0.057756713914157695,0.010049479737272929,3.456731539532366,4.579333636723469,7.752682476589783,4.627480220424691,4.334421904720035,9.340314308154392,4.041494989412838,8.3824737279289,-0.04458978904832343,-6.503396368088179e-07,0.00011228836420575456,-1.3260201196522951e-06,-0.2888054525214887,-0.1576164973264825,1.1652329407825441,-13.169998719498407,0.8921383622475207,-0.013958088774995131,9.053198770434403,-0.23658382574077352,-0.110237557046605,0.059585329916102964,-0.0031954586789186877,-0.0842495732130978,-0.05406634706101836,-0.1583260383517019,-0.039494782500816214,0.033896664165693376,-0.5340895728404469,-0.005120841181985461
-1.0824181720220534,-0.1117876073286702,0.014389424414573611,0.09506430313545837,0.048066400837650264,-0.03456762804116096,0.0029896810042777146,-0.5586166041860072,0.09958831252300332,19.869988123565435,0.05820496304090954,0.040240583320049,-0.5287053410189245,-0.6278974563627863,0.10057009403095345,-0.022753846717420062,-0.06341979309370709,-0.5245123754048084,0.01451120808358328,0.011097598533819676,-0.9662037731759882,-0.004285998300107163,-0.05932273247207849,4.230699864737333,0.0,0.0002483837844045325,0.0001506885143406311,0.03223044747619618,-0.11858088731755939,-0.10800718825047878,-0.00629983914916736,0.007931773256718557,-0.0027549173287743007,-0.4690920491570599,-0.012281058179448974,-0.0037014835609344068,-0.012757664814965068,1.150887426605705,-0.637160649783087,0.02296660134920381,1.1170862202932066,-0.0015452205959766469,0.0025582818444326184,-0.41299303322486286,0.0549352997048809,0.015967641470850853,-0.010690389471035457,-0.009756372423598055,-0.030606629125915708,3.0465004419389405,0.00589786941163279,0.004642676883427604,-0.8157229685672005,-4.261748995661493,-0.0044669180685767956,0.03305725205518872,0.3965742997949,-0.010356473199811325,-0.30941750692937126,-0.1758279270828369,13.404487216399618,-4.153276998094502,-0.0011121015840135078,-8.404304298763068e-05,-0.1328654647343844,-0.011435021427925258,0.6478218366227982,-0.0025392746790495377,0.014523432411497115,0.6058776326387628,0.4228458233559659,2.4306202577892106,1.9898776881453528,1.1074253711064976,-0.11718200364319327,11.102517070735905,14.125101157917877,-0.09697094463431248,-5.258165635130902e-07,0.00011266522126883922,-1.0583992634525024e-06,-0.1478549637370115,1.388020383199059,0.1673016774770084,0.3519151851150242,0.009913860035441367,-0.0024479026459946246,-0.0698103755594127,-0.10033248560552496,-0.01609512328805928,0.16402304437071008,0.09866117704475191,4.734227413363709,0.058608384808744064,0.02924273894368703,-0.06202857338459832,0.00580079919272773,-0.6812691952297667,0.002748290094011635
7.653665369121842,-0.8872435156425114,0.014072686426420728,0.03797101127297658,-0.01856862523208633,-0.0019182176961196206,11.684744329309371,0.032183066561756464,0.10210011891777791,-0.11343681274202945,-0.009138610969311376,0.030993698240486027,-0.2702608889007943,6.612839756788523,-3.2245848869420564e-05,-0.020862793733825533,-0.05894521949101467,-0.05796590095601189,-0.01782622920507704,1.6354854655470579,-0.08784634203680003,0.0032449080371448006,0.538984162310325,0.2987976313144258,0.0,0.00025035322261196194,0.0001504926013454265,0.050194374161568654,-0.05668048011522813,-0.09347516224069867,-0.0042947612964412355,0.010245591452766737,-0.002065778187483787,0.25501867470536776,0.08982321792309877,-0.004298828214754547,11.678376903951337,23.431624600358404,1.0858665141240313,0.09467429821294018,0.29529767646242455,-0.0017681644268664543,0.004641679523114005,-0.2191697036637479,0.019647839983246835,-0.05738081706139426,-0.056903592380195905,0.08607831830319404,0.00806802264652623,-0.6918420226078477,0.030251147461922232,0.010250254612697286,-0.30034530845658636,4.316348904128403,0.01737539767641094,0.07701664423945336,0.01996272014170181,-0.01212328942163947,8.940870386087834,24.229149130862247,11.749898523753131,-1.4442442329229037,-0.0012718268829685145,-6.541347513916828e-05,4.970364908156112,0.020847412205555693,12.172579193876274,0.18019510141534717,0.006977132338850135,13.095486532800146,54.537571484057025,33.701411226746266,19.865311015563243,20.463122460653825,19.549289879428105,19.415417487924085,32.13800373626561,-0.1036980960818236,-6.503396368088179e-07,0.00011457927420810204,-9.521297855190632e-07,-0.0807936181720974,25.84268302883168,1.8017249831428552,5.133274162362098,2.5463101397053385,-0.003545814668190873,7.592483886201323,0.15523241400037663,-0.03995169547603279,0.0925297542233668,-0.030873298205971553,0.19185761884851357,0.056637733341283095,-0.14011496794401096,-0.041864831712726085,-0.03616655891981918,86.35586271481708,0.014831200489597223
-0.1130234928974215,6.608235225500766,0.06718260103386892,0.0350625552991198,0.05217872715501722,-0.040103314243866955,0.05087609975325845,-0.0799543715047803,0.08296298543438477,19.860082663019547,0.11960032800529005,0.0005695027630978845,-0.4233501265330348,0.0039056545464164565,0.04897087059756011,0.010993968748727066,0.006481410112367268,0.031183681685969532,0.012784890942002337,-0.04865873346658666,-0.08057561631673217,-0.0043067964200984975,0.03399527118260196,4.2759181559528745,0.0,0.00024761362469913995,0.0001505955652683295,0.1368019687058993,-0.14429923293492766,-0.09521602272692169,-0.0036823614407883913,0.009963850255381428,-0.001962282375642485,-0.2884293139822217,-0.008372590295473575,-0.004362924493645417,11.712829243522979,0.22776211260501852,-0.4583846973975101,3.8585906640638683,4.125843961431424,-0.003949954028672568,0.0009354825698639391,-0.4094301862860253,0.7956278301702778,-0.2795569113033955,0.12431798771008916,-0.010191132669459679,0.36939528748708844,-0.021833363224551563,-0.09821746203150064,0.0066489078371349125,-0.9612994179151114,-0.37267178963656633,-0.006852593619486259,0.0440234318165596,0.3976286201513233,-0.008117601064879321,-0.821259191519816,-0.0838854728794951,12.629347155067157,-1.3872434166831091,-0.0010843809436953738,-7.297072049295687e-05,-0.19019404935137338,-0.01136791633950959,0.3475676618055629,0.1801784268517633,0.014314061765398877,3.7483352416405684,0.9157139959310606,3.555946345311892,6.32497696939761,9.804323172098378,18.474728216038972,20.73661148796875,24.749134248469332,0.03835288795317101,-6.503396368088179e-07,0.00011457927420810204,-1.0729686664448244e-06,-0.11630765719127499,-0.32830789031950136,0.06345990961102263,-1.5408038709831227,2.503617122418973,0.017238247630962107,0.1442641232955358,-0.10117415581779068,-0.0362699462877461,-0.07297759673696783,0.2126067653407141,4.736358328529457,0.0012547185607175214,-0.15115063070375762,-0.02928930977689608,0.28973787549448776,-0.009918200487190684,-0.004289977427682925
-1.759920119123502,-1.2234777447972214,0.0626113969126071,-0.05593185093934652,0.05432309226373332,-0.02846438610882272,-0.17816957801423963,-0.5570351054298418,0.11628019136461772,2.2028249979552315,0.02735807893765566,0.0011267759763670905,-0.4654176353339987,-0.07552040250517832,0.09758748049183216,0.008483599635641936,-0.22880302709908104,3.417844210024342,0.038407753891606757,-0.04252937743015546,-0.9637526272083194,-0.0029746855919756707,-1.1841919785930213,0.19948147734097268,0.0,0.0002474001161047336,3.6919499925419106e-05,0.20127607763863878,-0.14786491606147928,-0.09325866688224949,-0.012029033073053048,0.01007889348125584,-0.0020450428747869546,-0.19890312852462352,-0.015229168834813223,-0.0042973223914328324,1.3792791446534274,1.2011783421798363,-0.7273731589380767,-0.7574685712594421,0.7653418851626896,-0.0022570741030509375,0.1702410339239851,-0.4685627569305206,-0.01677546284033216,-0.5486305195973843,0.04126208312708594,-0.0028899416434898973,0.1258984487857744,-1.171964269267065,-0.6639634972264048,0.008741117487288766,-0.7447350387309255,-0.13252363679467066,-0.09091649976178096,0.07301650193102889,0.015298570976338858,-0.004193684752787978,-1.4036974628104155,-11.645406518964792,-0.40339957908235463,-1.8932722321946234,-0.001284421398747869,-5.395178862434219e-05,-1.2561036876352027,-0.008330640272595655,0.5233987016985414,0.052625976120238005,0.007027660883660395,1.3453717107562504,5.53360372860433,1.0551035503746067,5.729635792567453,-0.5284470838047314,1.865324887940117,1.6489531425599526,20.405478889491153,-0.02062031056093636,-6.276337763060475e-07,0.00011228836420575456,-8.882699028457868e-07,-0.27796024369756833,-0.8431949984505932,1.1242426062385638,1.4675093941359005,0.834233952292416,0.004807988274108654,0.12767303429749383,-0.20179423199228572,-2.79173218885002,-0.05952809135533151,-0.13439616958701145,-1.2816377878359815,0.05764983455081425,-0.28255868477477736,0.11490959660293958,-0.22070397579657952,-2.716510912458829,0.123199772345259
2.09061305866129,-1.2578051941817558,-0.001608859490017154,-0.055266351863496724,-1.1775015862834832,-0.03120830941598504,-0.33193576714531003,-0.5572962311303322,0.21432022037806278,-0.04308573536816278,-0.00045327448049485325,0.009109630393643141,-0.5781698443375262,0.028107136117662072,0.10487134375020835,-0.02165556332162065,-0.2131465291497798,-0.1741179548084739,-0.017972592462546615,0.07686822020847064,-0.9666358735679402,-0.0034042353934014696,-0.6516512093471858,-0.08826794309398932,0.0,0.00024874145496815085,0.00015059606074468513,-0.07774078864629555,-0.13607134174743346,-0.10002794345879808,-0.0085844696858276,0.010288032696778195,-0.0020763405442991746,1.0147024390298447,-0.017153332269754438,-0.004298795419633564,4.231196337889033,2.3075680469470683,-1.7963334278076704,-0.745855229010145,0.6687693242428999,-0.00045077493499996735,-0.00714079148162956,-0.472940071768716,-0.017659702833061626,-0.6323841924542392,-0.03255954646212068,0.23926588653467012,0.9883002344660659,-1.2228266519506048,0.1260095530098908,0.006114242457774598,-0.3889620157687508,-0.2145538947348073,-0.2499864205138544,0.03473031922907595,0.019852238143704477,-0.010978856928542002,-1.0380405154099972,-0.10970259393221386,12.92455223902411,-1.8951738939572935,-0.0012848785190728363,-6.541347513916828e-05,-1.4658726157066713,5.2999479327935604e-05,0.9109472940077737,0.06138300605602256,0.019274425421951763,1.039806936419178,2.376077620532816,1.475823859956132,4.992424713920649,-0.175239434293105,-4.82928242582762,3.7874857310016234,21.449845438939885,-0.40769671840681443,-6.503396368088179e-07,0.00011266522126883922,-5.893418063318021e-07,-0.09815714103161945,0.2713155192999977,0.2487450108210296,-3.826416079528866,0.9273862201196882,-0.004816177187549409,0.1061763415122716,0.07274381427338493,-0.17012072821821222,-0.03864488509017021,-0.19194787514705877,-0.04890051069771041,0.03472491237747559,-0.12304939162778386,-0.07937999997378448,-0.23703505635144534,-2.517245315665637,-0.004652099957522253
-1.0623824982131798,-8.594528191556527,0.09435263294155254,-0.3739938158912959,-0.017636357624151063,-0.017571074729344483,-0.31885695673434344,0.1429612089298191,0.2527902463918727,0.019637279489041305,0.04478612947895,0.20296838335980494,0.28610054097500087,-2.3364129220373258,0.03473841273369615,0.02286289591228898,0.16513060084741235,-0.007408210453811395,0.0009010451922613695,-0.02673616885825663,-0.218096341740351,-0.003689970756341839,-0.545644598885135,0.25989683311948786,0.0,0.000247941675051016,0.0001504926013454265,-1.6866265829943035,-0.11375334541887087,-0.09588813469648425,-0.0014017111319738844,0.010004058480496706,-0.002328213306579799,0.11060048099375015,-0.0007832923365675261,-0.004297578283439584,2.171187115233519,2.6757666898723595,-0.8771745471369041,-0.6014568235813644,1.11914855905597,-0.0031419263978843975,-0.0002095988980424053,-0.40032086311750836,0.05596667594273588,-0.312164723123614,-0.04826405454679676,0.03628465311548237,0.22705957236686736,-0.8388533086675188,0.10542678826226427,0.008364667841673773,21.326862798739658,0.031030193573591172,0.008880785689762511,0.17684136383401616,0.0766671577131073,-0.005573294147496623,-0.7021842338740385,-17.471521330667354,11.462920955123709,-4.02560441554745,-0.001272089704663383,-6.575948416029822e-05,-0.33459650476236286,0.006938392164699409,2.5475996153404927,0.2255352876408548,0.012340461338092051,4.142341475583964,18.896357234516177,5.868986428449999,11.100747722451644,8.989014617400231,9.766569194218437,10.633141629092869,35.10281824986714,0.24334513783090933,-6.503396368088179e-07,0.00011266522126883922,-1.3987921408057457e-06,-0.06476685795166344,3.1271081059020776,1.3627282420116866,1.8549403558063666,3.184351421569689,-0.002712454317610428,0.8242700010533878,2.488343835452732,-0.12302646657084075,0.08199676546233158,-0.11184349185183308,0.02986808696508912,0.5607829043946868,-0.14851753682212254,-0.042396415301598,0.16508900880904967,-0.824490067389124,0.008685573430811291
0.025006855158049134,-1.6393003892808118,-0.04165483951892829,-0.35204670718311976,-0.3461272641278246,-0.04491183499116444,-0.29730864072015123,-0.2098241371227434,0.1421115151583024,2.909244254314828,0.046897079746233764,0.024692933589118986,-0.18323118028725424,-0.13585581655472337,0.05025980610741317,0.00821736291606355,-0.034966794155512425,0.013553399652769188,0.020832759558554827,0.08417148853677481,-0.21606803480103637,-0.036290853762770824,-0.08661828367540196,0.3408305474538764,0.0,0.00023927620338302214,0.0001506885143406311,-0.08036399871275035,-0.15464256787883987,-0.10417781401281302,-0.011250962611023407,0.008365047852920823,-0.001804582865111413,-0.07810571640221044,-0.007862215205613001,-0.365686598564842,4.270236387185316,0.5067869155687382,-1.1718298814016808,-0.6756447091867154,0.9192127926588186,0.0007693129135794068,0.0008845582042648466,-0.4046909722329021,0.014523094354009822,-0.26082502532013624,0.021479978152449963,-0.012759757925889745,-0.479347901774503,-0.84488942425301,-0.1682365090603746,0.0069295650044258585,-0.279955565445313,-0.0956807953333889,-0.0021563128074968984,0.6572761485728131,0.018016892296046073,-0.009183033343124017,4.90414684979267,-3.567252119848674,-5.2752758056177464,-2.1833223452522432,-0.0011267939111794954,-5.4049791914790834e-05,-0.9333643358534224,0.004867372827563415,0.9174277654135582,0.04639105678098482,0.004117653846894951,0.6952483225081465,18.476097483354778,4.271597831307365,4.5571133740606165,0.27423939441214135,4.642240569295174,4.288976222674392,6.874051586873377,-0.03594773418964656,-6.503396368088179e-07,0.00011266522126883922,-9.240993845249826e-07,0.09219676367775266,0.6915211549474671,0.3508844203706982,-0.603929230305904,0.7024438621156243,-0.003058404823344982,-0.3943231136130761,0.6710365859502738,-0.015172911597935265,0.19854140782777877,7.73575587611405,-1.2792638992387875,0.16662379411450473,0.067672425925907,-0.08477187803959031,-0.06739745474299874,-2.0742029504288872,-0.0620397118061631
0.22846134635596588,1.9556425599295746,-0.03034927895368512,-0.3529408333678806,-0.3615667569192445,-0.026660843941960787,-0.3011551440583453,-0.6229286278335593,-0.0009354612123283392,1.9847880070507478,-0.03386202994092002,0.0014706481764008555,-0.3012722564446324,-0.1502211643911454,0.05043148199571172,0.009922012824572045,0.011829776759227148,-0.04348840719348069,-0.01264390309457863,-0.06746085379399541,-0.9652347235175524,-0.007403953701568762,0.1337725406856061,0.4061375816277017,0.0,0.00024812721360542296,0.0001505955652683295,-0.001986589780084444,-0.16531290793678294,-0.11172275238473724,-0.011252511451358192,0.008430397632120579,-0.0021140633996950676,-0.06725262030859262,-0.009404860184324605,-0.3546698418226077,2.151650960341014,1.0042961574425173,-1.233872628051139,-0.6185184881480215,1.3978927499575604,-0.0005201522541303192,0.008853513692738391,-0.3708203763067761,-0.011630518649310232,-0.5996992037694345,-0.0269976494611799,0.015659899881805724,0.22697897406974812,-1.077127607196732,0.10527122994859611,0.009894693157413008,4.143546137308162,0.09676171431651882,-0.004874787822967043,-0.0780452806997069,0.018050064825902386,-0.011912528409637245,-7.785923196026073,-5.911364310236014,-0.332623715085131,-1.206445726630893,-0.0012831164372244222,-5.4049791914790834e-05,-0.7554998523473154,-1.5601511331902875,0.6792280373820493,0.05996911605498569,0.008614889109679199,1.5692199341040527,11.801321111441158,3.529226994204438,6.586002239784939,-3.394170895611086,5.299013336311526,5.458023526742926,11.557618691190685,1.1409444039979484,-6.503396368088179e-07,0.00011457927420810204,-8.02340471539886e-07,0.09876120607378878,-0.18479095834331682,1.2591926191071234,3.0045123302459054,0.8851011662896959,0.3581320906279157,-0.1871351499439604,0.01998935570039368,-0.0167146248990942,0.8800447248878713,-0.16370277984342,-1.2532949438729393,0.04340700252526775,-0.08841805156087848,1.040345932119427,-0.23122219331185295,-2.3668422505415014,-0.05478221057372399
0.7068633560853413,-7.0739420567943085,0.09140853184936583,-0.303374524586239,0.049794627476308355,-0.11275825247119849,-0.3758231339102383,-0.3821881538720755,-0.327780426324746,6.67393944744523,0.06753939197828936,0.0010316517479845278,0.0438981629616068,-0.06561272786360689,0.047491483025017156,0.013391817919469194,0.011351022028263854,-0.005537096741248137,0.5849845854160765,0.1333957643364475,-0.9193528964599894,0.01860614867304313,-0.13652800763618347,0.75585935364252,0.0,0.00024807093471503327,0.0001506885143406311,0.41869512404732195,-0.16420534380544624,-0.07685277798920863,-0.011440021890520027,0.008440081814992055,-0.002065719231836999,-0.24097247042278713,-0.007972789095240643,-0.26964200077603995,1.428499195761394,1.1163963257318266,-1.9250873082359692,-0.7834544440447769,-0.34887384594609977,0.0004126531808063385,0.06561376009215386,-0.48630985605146415,0.17141993739808864,-0.891694771294925,0.022423583718159817,-0.007603277120334971,-0.0366217212130248,-1.044270422664212,-0.7116339791980099,0.006289907769268684,-0.5423535164233501,-0.5497700199264492,0.08979526568716464,-0.8562678862865754,-0.023541745674800406,-0.0046049927286339765,8.285046890337252,-9.351249209733417,-0.3399881965300903,-2.1148265856784243,-0.0012859250201775246,-7.683180665497205e-05,-0.9874006623736289,0.009019636349426414,1.8388539435341573,0.05346562274734641,0.008473045465075879,1.5503915005136717,11.623520723153652,4.652526024341576,4.419906341143834,3.4636504851006853,8.194047080619494,1.0259982029298138,10.322800004288636,0.8664751659599735,-6.503396368088179e-07,0.00011228836420575456,-9.964717840985735e-07,-0.2232176016222598,-0.30325117798327694,0.3617274521562033,2.0069312359157547,0.8404763065494449,-0.06478387062861726,0.15030941535988868,-0.03744279477636832,-0.49986300389183613,-0.11237802968179397,-0.13908512404741727,0.5782069390468112,0.028304181963952457,-0.9218167223710729,-0.09418838356148845,-0.39787769262476524,-0.49471641088539614,-0.08307618171817073
-0.5983530952300059,-1.323145181182763,0.018067378295018897,-0.06770178662177564,0.026787502999087363,-0.011989587596255387,-0.33445594574002585,-0.554775145218156,-0.5714772322961552,4.560282508875068,0.050729787997370754,0.01248694604616768,-0.40886045407874166,-0.25281561722306556,0.05286716964172721,0.010615748741344848,-0.031765570867617166,-0.03141389952394515,0.0038786902447852044,-0.040732439639654144,-0.9658508303782524,-0.028613600615068034,-1.3989123782153725,0.16827947043940356,0.0,0.0002473215171240392,6.502153916741484e-05,-0.056296288232633246,-0.16344650015851112,-0.10542656482898301,-0.006457365238642303,0.007660648986733757,-0.0018145228609996098,-0.10996163934741356,-0.013633922208282773,-0.35482628552963746,2.3184320649869163,0.15762372039981437,-1.3897287862968193,-0.7863053921019707,1.6805425424703087,0.02273590368093751,0.007226465178132354,-0.42083383941665464,-0.017610113081647213,-0.49823220223105474,-0.023635107098116368,-0.004792601331579787,0.31646195648527903,-1.1474737305914664,-0.6716389745674666,0.014407813541025962,-0.23121228336856095,-0.059864577341377415,-0.09542560843676284,0.4737246308374583,0.02435552930933778,-0.010491735897366699,3.5938500999445333,-1.0872584623647747,-0.3621484866038726,-1.683762126326494,-0.0010852238999443063,-5.395178862434219e-05,-1.1798983551477447,-2.9067612858836553,-7.064631712054593,0.024663622303414196,0.00428351924488939,0.7987962292527162,7.695068804489097,1.9087445576852757,2.9169215532540216,-1.7084140092829092,1.2415150812849414,-2.111732931968613,6.5073829224349415,1.0299942749307052,-4.232754250401511e-07,0.00011266522126883922,-9.690129206145523e-07,-2.0971104975590364,0.6809823643458859,0.728526784701638,-0.9576070369232921,0.3886204240698119,0.35125487657629384,0.4468077706158244,0.579371355806133,-0.08884765058047656,0.002668043821436747,-0.193867023561231,0.6191356506368756,-0.004945278881471589,-0.299272530726586,-0.08907211476930266,-0.2017145453558958,-2.4563739428921556,-0.0015569130251782304
-0.20454961231234073,-8.522439059420918,-0.0022481851957166835,-0.022188434976904724,0.031477710989238274,-0.0012528006280832307,0.030572420624842896,-0.019254005066355228,0.12151463113221855,-0.1780194201894044,-0.5348892061320242,0.059527424686372156,-1.5051714844550792,0.2392509745983723,0.052297063609011714,-0.02207144430744289,-0.10539661556013005,-0.5161429312168202,-0.009405150212741322,0.08047773045551998,-0.239211285386674,-0.0030283155404770994,1.4161863908538617,0.27693549174109044,0.0,0.0002431586499847584,6.497804596944198e-05,-1.6298318274994767,-0.10926831135694003,-0.09458982739526903,-0.00037830830412075955,0.0029209165085472204,-0.001809053532596216,-0.28511193624878634,0.000585124617379541,-0.002598262374956741,1.603617578094696,12.045398213737888,-2.474686627816592,-0.5560620471231802,0.4013172980058817,-0.001137555620926914,0.45205532906142815,-0.3775994972335571,-0.028174187754047723,-0.1479818767430527,-0.20561861937452489,0.01075749481003473,0.15801138578517407,-0.9702473895927436,0.061540144314024936,0.08987435681610466,15.758323600037523,1.428374502602289,0.003463600400985534,0.029504420909045342,0.017299937106255197,-0.2741252468292258,-1.443190221723762,-1.1873734199839556,0.6637700841745551,-4.274207111788342,-0.001083768746560502,-5.3932656032554884e-05,-0.7254616707801704,0.0014134506951792216,1.3978217022794215,0.011770696846706952,0.013073230584591814,1.381673199088651,13.965845431025258,2.9067093180455528,4.933499195748723,5.133424665925049,8.532312883021428,7.081826887956672,8.371728679267457,-0.132191480677197,-6.503396368088179e-07,5.348646107539242e-05,-1.1677153083159699e-06,-0.238538321357126,2.6188442985939413,1.3720542393135942,-1.9008318712769028,-0.29360948237647694,0.0022659129572101164,-1.5001616563014661,2.433044851299986,0.4518234644124862,0.1590205042204313,-0.2165497802853057,0.34488494265014935,0.6232026083972638,-0.33838910858345134,0.023976151959959925,-0.9517238952320775,-2.2121580942000154,-0.1088945972197903
-0.06110706445088283,-3.5283321246363943,-0.012403264778042117,-0.027958246931554864,-0.016088098461260667,-0.015550292210324935,-0.3273274757411907,3.9475073599159156,1.3434603776160654,-0.0429365406797455,0.0779069555765406,0.0008778971168877868,0.036519212148840005,0.0757996692687201,0.10659998650040173,-0.015661285631701067,0.7431582219020072,-0.5142269658703553,-0.23533249638464396,0.07485899546408958,0.5144779477373792,-0.0030229290741161713,1.841020710553376,-0.050689536642425946,0.0,0.00024545955817640864,6.497830804807023e-05,-1.412238692048623,-0.08821338001037989,-0.08305568699923865,-0.0037327159165835436,0.009030482241733591,-0.0020676654706142444,-0.1193861374848763,-0.01077223268180924,-0.003728440754033243,1.3749809508823352,-12.162521547564122,-1.392084200435097,-0.7736547633529295,1.0145249712440367,-0.0001569111130659182,-0.0010487173426235424,-0.40883312281697853,-0.10828438999369937,-0.3374983295278159,-0.24594980784038456,0.2769351120685926,0.2309690665975111,-1.1442396551487735,0.025999499422861606,-0.03927544655787949,18.73788259110609,0.2134476272688624,-0.03998711495122999,0.31678271029064636,0.014618665278620845,-0.009386363234883843,-0.6134357286484934,0.025280714457044468,-0.32916892920140856,-1.6209585358901546,-0.0012844240724748976,-5.3932656032554884e-05,-9.8066674592469,0.002067310340941401,1.1257717408636134,0.21999536886226762,0.009465699368284753,3.3755470971841954,14.769513433032017,3.257125246056988,12.425381544899814,4.054835724003134,-3.5624628379915033,4.254340509733065,23.210427759846922,-0.3002333622599343,-6.503396368088179e-07,0.00011457927420810204,-9.596110928070635e-07,-0.2371698935456136,0.453109949381332,2.4838881718943506,9.609392864642464,3.0799991859857965,-0.0051182460730407045,-1.4240677100794472,0.04091637043973107,-0.08959556856083417,0.5019895420427986,-0.19457747055587096,-0.009465838218677138,-0.34568546390151383,-0.5642453938322641,-0.03629462045022262,-0.13637210089468124,-1.2105926866327912,0.003316003256707739
0.9762373607704489,-1.1933274590032956,-0.10287532877264216,-0.07375456823146796,-0.008630532405505837,-0.019858006639026204,8.005660334333022,-0.029830001230593917,0.10383906225137417,2.161440416040913,-0.6123879133691792,-0.09112753609785941,-1.4105900676996785,1.4201330286056266,-0.0018496717378430954,-0.009332980054938676,-0.21626157708356003,-0.09005459409611823,-0.016980510199685706,0.04295970544813998,-0.2807132071303721,-0.0038099447161939943,-0.7613272376178392,0.19782635350361694,0.0,9.429811047499047e-05,0.0001503815561704246,0.026534218947923533,-0.11526449598674768,-0.07944158644430054,-0.00775734961232118,0.00034714947459555697,-0.0020731245920902136,-0.2794409349614385,-0.010107497511280513,-0.001656651198502604,0.8128144147281808,8.683388105509785,20.801350783708397,-1.4473405255514806,0.230579932142567,0.0006139610192373836,-0.5152218669990986,-2.9312394585655404,-0.10351482626190558,-0.21367000931328617,-0.0310599915413338,-0.4951617590355591,-0.8215311017830335,-1.1639603963369443,0.034095681328522864,-0.3961360941680815,-0.49850418317404804,-0.1744422714212982,0.021544649819809737,-0.48496533881417275,-0.014442408286240545,-0.3143869906967075,-1.0576560610836585,-1.0718978467330849,-0.7184116264107198,-1.492886810020166,-0.0012848675550616332,-7.648579763384211e-05,0.01940362123972127,-0.00639392337661123,0.7026981484874458,0.020034635364772922,0.01001924708316807,0.7136018311404638,17.322714348341098,1.9424835227648756,3.591377702594568,-1.2932755520318173,-0.49926953397712354,3.426889774395653,8.303505242462323,-0.2977639051889007,-6.503396368088179e-07,5.348646107539242e-05,-8.103402251806766e-07,-0.31004465304363,3.915168988671486,0.23351402245987313,0.9299948012558401,-0.40490266700515914,0.003550226032404672,-0.52494583190916,-5.017812755890457,0.10169697160346734,0.024944466322746186,-0.18853787935602942,-1.8667604743270279,-0.07228587207474971,-0.5541817971020487,-0.045875761239121474,-1.4176148133889812,-2.393951183110907,-0.10747605715757272
-1.0628433437228202,-1.2940001002986068,0.015953887621242883,1.0224121994870605,-0.020511787137593253,-0.026618027805526974,-0.23830842024496354,-0.1788504559252401,0.1387034124442812,4.318417975187225,0.032064363329101696,0.0036640663452773676,-0.09957833854856324,-0.03337291758284847,0.04973138439937225,0.009366334971875126,-0.22011299487048488,-1.9060932488176519,0.044078372808311186,-0.04271735815460079,-0.22078168621992209,-0.00635496369562333,-0.04638379732983061,0.7123139059428155,0.0,0.0002475561401811301,6.734250069462845e-05,0.15928964053376093,-0.1438521656302528,-0.0938913306016508,-0.05569216918574975,0.01066257240013534,-0.001788387234459649,-0.05294870123466196,-0.003913525708454007,-0.0042981259299760145,2.2495202150052545,-1.1688932616905208,-3.5615883534716146,-0.5965514876753546,0.39043362290075156,-0.3480116074047963,0.16824987081657994,-0.39425782607352505,0.3061318567612527,-0.5398533077249609,0.14393247675599494,-0.009578011044941536,0.019386373548081023,-1.1628926568814462,-0.43404633383807567,0.006774108284621213,-0.5487667468056963,-0.12928899498824498,0.8210252645637944,0.12517935764360674,0.019591141479994908,-0.009502842299532351,-1.8053396363096585,-0.4180498079450952,-0.3729207062558328,-1.9867638780119499,-0.0012863890587737057,-5.256322635169743e-05,-1.1214304803073214,-0.002135143617826331,0.7871767351681161,0.03827221532413801,0.0017440859333621526,1.1344081588478354,7.96517570025208,2.595032901807191,3.858201160079255,-0.7539012415300531,1.6451183419880877,-3.7901308081626723,13.740858029257843,-0.3078229477702034,-6.276337763060475e-07,0.00011266522126883922,-1.1891272013241903e-06,-0.28593868777272513,3.599746834684592,-0.21976613837749762,-3.7373841053979806,0.5929615925629816,-1.0979292553154958,-0.2301860745241751,-0.09221815539664313,-2.6432092457029537,-0.24275901864325974,-0.02205926884232786,0.6214032956019008,0.03527195387378464,0.15676220040330635,-0.06752866427905124,-0.5946049298373772,-1.1903619128614564,-0.044366601879595735
