cm_angle.dist_ctr2best.mean,cm_angle.dist_ctr2worst.mean,cm_angle.angle.mean,cm_angle.costs_runtime,cm_grad.mean,cm_grad.costs_runtime,disp.ratio_mean_02,disp.ratio_mean_05,disp.ratio_mean_10,disp.ratio_mean_25,disp.ratio_median_02,disp.ratio_median_05,disp.ratio_median_10,disp.ratio_median_25,disp.diff_mean_02,disp.diff_mean_05,disp.diff_mean_10,disp.diff_mean_25,disp.diff_median_02,disp.diff_median_05,disp.diff_median_10,disp.diff_median_25,disp.costs_runtime,ela_conv.conv_prob,ela_conv.lin_prob,ela_conv.lin_dev.orig,ela_conv.lin_dev.abs,ela_conv.costs_runtime,ela_curv.grad_norm.min,ela_curv.grad_norm.lq,ela_curv.grad_norm.mean,ela_curv.grad_norm.med,ela_curv.grad_norm.uq,ela_curv.grad_norm.max,ela_curv.grad_norm.sd,ela_curv.grad_scale.nas,ela_curv.hessian_cond.nas,ela_curv.costs_fun_evals,ela_curv.costs_runtime,ela_distr.skewness,ela_distr.kurtosis,ela_distr.number_of_peaks,ela_distr.costs_runtime,ela_level.mmce_lda_10,ela_level.mmce_qda_10,ela_level.mmce_mda_10,ela_level.lda_qda_10,ela_level.lda_mda_10,ela_level.qda_mda_10,ela_level.mmce_lda_25,ela_level.mmce_qda_25,ela_level.mmce_mda_25,ela_level.lda_qda_25,ela_level.lda_mda_25,ela_level.qda_mda_25,ela_level.mmce_lda_50,ela_level.mmce_qda_50,ela_level.mmce_mda_50,ela_level.lda_qda_50,ela_level.lda_mda_50,ela_level.qda_mda_50,ela_level.costs_runtime,ela_local.n_loc_opt.abs,ela_local.n_loc_opt.rel,ela_local.best2mean_contr.orig,ela_local.basin_sizes.avg_best,ela_local.basin_sizes.avg_non_best,ela_local.basin_sizes.avg_worst,ela_local.fun_evals.min,ela_local.fun_evals.lq,ela_local.fun_evals.mean,ela_local.fun_evals.median,ela_local.fun_evals.uq,ela_local.fun_evals.max,ela_local.fun_evals.sd,ela_local.costs_fun_evals,ela_local.costs_runtime,ela_meta.lin_simple.adj_r2,ela_meta.lin_simple.intercept,ela_meta.lin_simple.coef.min,ela_meta.lin_simple.coef.max,ela_meta.lin_simple.coef.max_by_min,ela_meta.lin_w_interact.adj_r2,ela_meta.quad_simple.adj_r2,ela_meta.quad_simple.cond,ela_meta.quad_w_interact.adj_r2,ela_meta.costs_runtime,ic.h.max,ic.eps.s,ic.eps.max,ic.eps.ratio,ic.m0,ic.costs_runtime,nbc.nn_nb.sd_ratio,nbc.nn_nb.mean_ratio,nbc.nn_nb.cor,nbc.dist_ratio.coeff_var,nbc.nb_fitness.cor,nbc.costs_runtime
-0.34223144294908164,1.7176885347116249,0.5046076270119163,-0.06104086746740468,0.3070227534523382,-0.09281172372554884,-0.42259841475261717,-0.15897255548410866,0.455069909288133,1.6253054999516505,0.09320091419394151,0.5639195312111309,0.8217988213300543,0.1589859453219237,0.06602004921532369,0.08727586802148866,0.12855784198966205,0.6152923680483905,-0.14210785244505336,0.06494169981818955,0.07290789635542967,-0.045887187013520826,-0.07579736116520246,-0.5234008942954896,0.0,-0.39657738738787723,-0.06599338460781408,1.1738611689586314,-32.849467413717754,-0.12981051031410365,0.15332359353017547,-0.18292101304361086,-0.08184614913202105,-0.4478002441817917,-0.441958840387241,-0.0029646133442141893,-0.1228803822330146,-0.0336464476203005,0.4958565790643885,-0.7477537629283526,-0.2707413104498222,-0.15881929612434686,0.03505086503437866,0.10674519184032645,0.1060876322262718,0.2784467872741845,-0.06576898952885277,0.034894370490816506,-0.03893223053486557,-0.07715194421073301,0.054056636390703,0.07191616315946199,-0.24781673656246905,0.03365241088558447,-0.1684980152121273,-0.26004135161844594,0.12856961791403573,0.8260134491193728,-0.16002631277387136,-0.09802185893868348,0.2188800347677908,0.12049075121477278,6.360321970865397e-05,-0.0023235057379118206,-5.671226134168569,-0.007580165132539001,0.4663738913969723,0.04418854457354481,-0.8084504721500602,-0.4661017071186583,-0.185559707184659,0.0060303644499152004,-0.10919809560906958,-0.018698746151082832,0.24634879108458274,-0.037047778705545265,-0.6510078371935409,-0.634748377307698,-0.14592648769322236,-0.024632850554222645,-0.04700943485650337,0.055690177422888225,0.47838628001889427,-0.1730732959346833,0.7190605415068304,-0.19964777105883652,-0.11666642648096817,-0.08327069729347156,0.3157474023313404,0.02801102584675008,0.2798370004290632,-0.013980525534485174,-0.28650170721029655,0.29569111707133433,0.0057977467318061195,0.0035804848892874203,-0.020859806803543535,-0.23428321088664422,-0.08396797330782896
0.0782164947927452,1.6685079273656769,0.3996075220692303,-0.18670238633786332,0.16652111685916676,-0.13550435266072106,-0.2027706527605594,-0.22119042241895207,0.4871061806353465,0.839202608083913,0.09918431671184046,0.34780429053061895,0.9436819754244299,-0.10310617532267921,-2.460434485600878,0.24916481123014547,0.2265321520227806,0.5384123641336155,-0.13027104878448942,0.06350809131693788,0.01393649414023107,-0.05109641488788646,-0.008791883490723478,-0.5129261446310679,0.0,-0.41791864723381567,-0.10931580602756033,0.11070686230259452,-32.55745998640865,0.24378027457598556,0.1563885884794279,-0.05182175888315876,-0.07808782154331596,-0.4028349818385686,-0.5494115918994786,-0.00310690942817326,-0.1386892882928969,-0.035956670555518516,-0.14701532516532975,-0.0389149502813534,0.43838674846817866,-0.13764888992333996,1.6705432622293335,0.12081909696471388,0.21793013331448643,-0.017286470598742297,-0.05778077284013875,-0.15429100659653447,0.12862125228045165,-0.02573780656901902,0.04441792675227601,0.055370872521167666,-0.046972388490726075,0.013964307428298902,0.1928255390350371,-0.2637371840065415,-0.700355316438292,0.7191577656922238,-0.27889427560671515,-0.109329700740243,0.04542190850751169,-0.2838684478931448,7.963662007596782e-05,-0.0026742533739181544,-3.1976474783256466,-0.008101583459442284,0.7160215584316069,0.04796643775270978,-0.6446936099911579,-0.4070969015533551,-0.20724398755032364,-0.06747902574899373,-0.10891810148639572,-0.025978909371122284,0.5789932766377985,0.02575623892980279,-0.5099616106014506,-1.1201017085309526,-0.1106926745568461,0.04912749022870025,-0.0386254895190059,-0.07410982439745477,0.6427993454893962,-0.053805134269852964,0.5462278121748927,0.7819699025617979,-0.10736256456959666,-0.23347685155897074,0.07283087751396411,-0.036301802353987514,0.20994384811725264,-0.04284841653296619,0.02779905365663241,0.20434640449881414,-0.018137979319782425,-0.008174382894919388,-0.0767424994362087,-0.2334906457345642,-0.13408127242262421
-0.02476061193376773,1.8549073799418556,-0.017088207896606977,2.6378716251638448,0.13306455861523148,-0.08469107170132764,-0.40494330929451,-0.1266515623729742,0.4788984049026683,0.8589721901799083,0.11779297481544754,0.5745314528514324,1.0590783295921224,0.5263677026161067,-0.016996801992693142,0.14303509934487227,0.1254183653402292,0.5796427663349742,-0.16047605798734457,0.030168345465612312,0.03523282588695502,-0.01759214710591685,-0.06902051330959641,-0.5427838837653994,0.0,-0.4087872527847403,-0.06928711950801433,0.11848013298433882,-32.830215420996986,-0.15658374425890587,0.03760153751207498,-0.22753527895141612,-0.14856263950506768,-0.47393275348501795,-0.4368227611586355,-0.001993974665566551,-0.1371209638696593,-0.03666210848267784,-0.460320376724057,-0.8693378857865153,-0.2771474803466517,-0.14013965055707142,-0.0685930051325576,0.1649328293565486,0.10859131822313164,-0.04366019590360734,1.0691146017981472,-0.15028774724245153,-0.009064301940300837,-0.03151828154806249,0.06320653338962588,0.06238128256020135,-0.08189689392574918,0.017822690846279823,-0.1864583031074594,-0.22645453473493957,-0.7332735972660317,0.6726187185907199,-0.17217939265778187,-0.1132691288694184,0.22261912675471285,-0.3208558402452492,5.818795127488308e-05,-0.0024121301053629854,-3.543201724113847,-0.014099905244731856,0.43780009660501834,0.04100352743237053,-0.9678225933084275,-0.5107160671336961,-0.19722833191285633,-0.04565701184828002,-0.13363823410387965,-0.00937687135302348,0.1940367204765352,-0.014388897224676352,-0.7500678236791674,-0.9680674855012421,-0.13816513697410174,-0.07912368650308522,-0.06204350989069973,-0.29461333327142464,0.6585407489651217,-0.15003700916327473,0.49850248810562814,-0.25387331243693306,-0.09022295786127908,-0.22207032252298822,0.10554943426869756,0.03129526340222519,0.3294709340915754,-0.041553465912003484,-0.21064259425820908,-0.07362260509269304,-0.01750009939879733,0.008347111490823459,-0.011748355382895754,-0.23333551420305057,0.06501256234679496
0.11725839553930632,0.339173176465375,-0.04476531432151528,-0.014732741132121162,0.11861195544187952,-0.1193385337837505,-0.3716182432530074,-0.16156292855148502,0.33432212693833857,1.558133687913128,-0.032906353976132466,0.4857665154096151,0.5286505394779327,0.5184596575596476,-0.03388866936830514,0.12482968653482836,0.12273413275760389,0.71102656984458,-0.15896246562880248,0.07476500959250927,0.0625357316663899,0.012203458869062267,-0.011464593957110506,-0.556523851389111,0.0,-0.41961744859930367,-0.016675309874535856,0.08781387160193037,-31.636214416635802,-0.1037802914364725,0.153661500320462,-0.18150094486718704,-0.15751503849421294,-0.5131486474426452,-0.43724471078234445,-0.0031776904922652355,-0.12129776670690604,-0.025474811326342522,1.2233841754864252,-0.7872077517972071,-0.33396177210515965,-0.14573134578920383,-0.018970802346395407,0.09739656899407953,0.1419748107388578,-0.028962028411746124,-0.05535705440206214,-0.13737611008487347,-0.057778557785749675,-0.04486064801818117,0.052847809921444,0.057451717697213356,-0.07443448490358542,0.01099074970584741,0.5360107129059443,-0.2689644206765421,0.08368269199671655,0.4321609166224497,0.4359952757411661,-0.15025546489926808,0.06468039309585877,-0.07212616798028793,6.22731350185723e-05,-0.002246362551459448,-3.085986287702484,-0.006730051400943113,0.4867792399101423,0.05411480845975946,-0.8376766060673534,-0.4720303771561146,-0.20491764657646364,-0.06743763206584877,-0.12708376232958463,-0.016572793790535237,0.45885862555989987,0.02405915858574143,-0.6173429895098291,-2.0410658294965267,-0.18745872615729722,0.027232175274248475,-0.05246998763494136,-0.3360355292900091,0.5895909516409258,-0.11461718393929328,0.5276601841933546,-0.20342200162683152,-0.0871503159154938,0.0590682730932789,0.3036979937156836,0.04281478174770594,0.26247798069268735,0.16821538895236998,-0.04766077141720382,-0.08707284371444834,-0.0028494845410696077,0.00742601334539377,0.026376113186342667,-0.21299438343735158,-0.07845342371668283
-0.371799580887455,-0.1220456858299842,-0.05678087600424036,-0.05526992692783726,0.007322193482348673,-0.15115325282949135,-0.3183245895437358,-0.1239224038022411,0.3996969186674809,0.8407054758489236,0.09304685710484872,0.5339787620803016,0.590234021350642,0.47995286884815264,0.06876119808615733,0.26607867702033666,0.3073068136100183,0.6832285106581243,-0.1163936244006515,0.09116150566121213,0.016989975827438192,-0.011802086409244754,0.013372674683774398,-0.5305820648230104,0.0,-0.3934477755646374,-0.050931972528570166,0.9809850018721356,-31.488737505616747,-0.11381058872578101,0.03825934225306681,-0.073497701654875,-0.15238162416468115,-0.4574182923838219,-0.44135547933020264,-0.0019158297260910475,-0.11470797928551771,-0.029474735306546325,1.3533711420514078,-0.7893845646638094,-0.34024915316361115,-0.12435268845033588,0.04632083448215242,0.11122890651021095,0.09278894683523499,-0.041055048527654285,-0.08552082014427928,-0.15687530531567295,0.008702343230365107,-0.03616333083220047,0.06399066646649572,0.05974932956003015,-0.02605687145358059,-0.07493700642775358,0.41901137399498556,-0.2964694786424709,-0.7018659494957524,0.5166434952765493,0.011766055737564387,-0.09646280019444059,0.03286627406325967,0.190334913251904,8.279083371245152e-05,-0.002343260705898444,-4.073480860782736,-0.01071467795267147,0.4793555363113793,0.040935510942649696,-0.6668599820908225,-0.4223491030950919,-0.2104239290879467,-0.07112310034456001,-0.12827713602189467,0.005062695500439152,0.41272535548807365,-0.018045201552873272,-0.5347237498790613,-1.7283866214012669,-0.2188847009475863,-0.15451008485635737,-0.05504205435047549,-0.28603017744642756,0.5662765867686165,-0.12433072200271296,0.5754450423900229,0.9668866797374398,-0.08386007230128333,0.07094511700761885,0.14702085871268247,0.06362404779887738,0.32647210059449244,-0.026588062648998118,0.32719330947953806,-0.06485008336521593,0.008382021791953458,-0.009713510098997034,0.029645116613864438,-0.2509280753935049,0.22142869901381496
-0.2872317209697471,-0.09372413994621726,0.014520413489772534,-0.04530900554832053,0.1069634056120979,-0.18924169263545848,1.4331975665355892,-0.14349592922293175,0.4752537934115409,0.8855748189938902,0.2870376208688173,0.4989949740030214,0.5543103334504574,0.14687527297620978,0.04159012173628927,0.38949569424748676,0.1205000445425778,1.0042338834690554,0.6376445578365597,0.1137134775633838,0.11656731784978587,-0.04598970966545086,-0.10744049743285221,-0.5244281720056707,0.0,-0.3371005675102485,-0.0397205848118858,0.9590117841250662,-40.386366197161216,0.03921715132931116,0.03540836855796175,-0.1858381285542545,-0.07787533326121063,-0.46410964990612785,-0.438906583356222,-0.003074632823255231,-0.1300596702340555,-0.03078362323662219,0.9163218146966166,-0.9013077424704516,-0.34169957384955946,0.22337463938704796,-0.011956674417042311,0.11609307893778606,0.10583918925457601,-0.02669514981403474,4.25368800952686,-0.17219125024153287,0.03126365539960742,-0.046447809483882246,0.03746767058183751,0.06850246641458217,-0.13040761852776242,0.034012803710645266,-0.10777900250303635,-0.09720985585389673,-0.701020843367937,1.1594973660984131,0.18357592566992853,-0.04418698393947989,0.1660086388284431,0.16598110404879302,5.641542636674576e-05,-0.002361667337438689,-3.3595987075945057,-0.006002752543777472,0.47959690501844304,0.03330688458816843,-0.7425133538748835,-0.3780802051720986,-0.20840038269024921,-0.11114565614346406,-0.0993944071598265,-0.00698869311151461,0.48600114809806005,-0.04512720018374823,-0.44587357312072484,-1.668689653044109,-0.1363566275556849,-0.043546006733002914,-0.06003856958214521,0.9939827047900548,0.9303527000359472,-0.10768339129837266,0.47004243223707387,-0.23835193682798161,0.39374098638315047,-0.2617760038084042,0.16814288089286025,0.03164635212113259,0.33410694892070686,-0.020104187317790796,-0.21425443345821207,0.16379374537524938,0.009072909229026933,0.1623116742783302,-0.002140197683547296,-0.20775794246524762,-0.0543526922916372
-0.31225455089711257,-0.11574550781785076,0.5305899625018349,-0.07080919211945068,0.1437524847326538,-0.17229858139737744,-0.19118855322186504,-0.11466098364637908,0.3019278214001552,-0.0794654182568637,0.08142657720138946,0.43143442297674395,0.5895167641554265,0.14229882570535213,-0.027153055011616897,0.1999460958454304,0.10853942477401796,-0.18988738856034365,-0.14789555003394225,0.10679289519694128,0.00730856006250832,-0.036065142658539995,0.001885496990017044,-0.3945952190530998,0.0,-0.41068779491442614,-0.06709984933787785,-0.09509271537866626,-29.743363786398742,-0.08727741068790429,0.047961623937873586,-0.08434619564550856,-0.06571022954840781,-0.4573330312958741,-0.4441242486396964,-0.0031317756566547634,-0.1265017243309336,-0.01538879221385265,0.8341926114694695,-0.8065382295771657,-0.34651599013728296,-0.14118801729238822,0.05548702992517992,0.10740354778708527,0.16079629735991938,-0.04275066704726364,0.025244991536870324,-0.16195423532563225,-0.08009983020795133,-0.026721015192339475,0.05580459576806527,0.057940310872147384,-0.04839599004137834,-0.1035066194515055,-0.21507038983238375,-0.2954789995826121,-0.14017987026542109,0.525392153057515,0.015560299137018284,-0.1935134395427136,0.1530197017396144,0.2732661261202965,7.589456384970417e-05,-0.0024564516988708133,-2.970353031548415,0.004569765569959127,0.4321844015326726,0.03267138143763123,-0.21533168702015168,-0.5034325069957327,-0.2165084573312508,0.0583868030115706,-0.0985918391349619,-0.011136868393781578,0.4722887087989998,-0.02891039547280682,-0.4024899079962304,-1.7968604732676465,-0.23226936358558814,-0.09082899339163009,-0.06665860106008037,-0.22475119093176368,0.5484443949484384,-0.1250075485006888,0.5677836839385633,0.8037476081226353,-0.06693654162236268,-0.05053186965262257,0.051741008952671155,0.06523568511321405,0.2771271156421399,-0.03718165095686058,0.38000295179216115,-0.1149776696105033,-0.003317083212886279,0.02224754428082063,-0.03693618435574759,-0.23951347538914902,-0.11941608156596309
-0.2950789711571477,-0.12663077567262493,-0.07132089717026173,-0.0996354095316312,0.029618533607703106,-0.17059333900474205,-0.19672632804553328,-0.14850495974212072,0.4213399012485816,-0.11583430892167688,0.11267954629618196,0.48593950379705986,0.7237329525086318,0.1309501240787618,-0.014331740642587907,0.2254383716243753,0.14499533660953434,-0.13669956435414188,-0.1655614883202418,0.10466458855026403,0.06606222339010437,-0.04527231316756382,-0.1007631056070783,-0.36830559108337,0.0,-0.4131236380149263,-0.05944221127479809,-0.10598274364241611,-29.66563787465651,0.022888875709511876,0.15301895326026455,-0.04910674442501807,-0.06612863296121946,-0.5103063343495005,-0.553134215905166,-0.0026952375245846406,-0.12068479599793296,-0.02447858452069477,-0.4265146377239419,-0.7645421043204605,-0.22667970439597984,0.1880232400205985,0.05567675115211849,0.12699430633279213,0.12685667473862666,-0.03847943448108726,1.1180877410172045,-0.09225584451210544,0.06295316772060125,-0.012196630308891333,0.05646180871281724,0.06352066511428422,-0.032998613080654465,0.04338603256244823,-0.1330218905133591,-0.24251928730006167,-0.14186779981651498,0.5444600171286639,-0.006982698290568165,-0.06850667785208225,-0.08825318038692284,0.3757677038696075,5.946523275947824e-05,-0.002450744695817408,-3.4209731971001323,-0.007850171108399808,0.4674142714496404,0.02791938051753031,-0.5419474237127723,-0.32894538091279657,-0.13536294528679063,-0.014280491307248157,-0.13214507840665957,0.0029346882701758435,0.24624687680586016,-0.040587040816192806,-0.3601789659120155,-1.7714272628997014,-0.19200175657761615,0.04290605853400117,-0.04952506673229455,0.012240749627967493,0.6668218255267359,0.07537503852188458,0.520892657817486,0.9790060117988282,-0.09671821180354641,-0.07002955416713659,0.005212745241901372,0.079944948159019,0.3263341036558081,-0.051632211226880755,0.4550285370642804,-0.08466182205577542,-0.017657414455898714,0.020706765359092515,-0.008810747424359429,-0.21938920223604294,-0.10837608531209922
-0.313056817622803,0.20867444919790568,-0.041496888752183624,-0.025005939644041703,0.26010544343717373,0.7580537158873534,1.348160950640026,-0.15126978574992722,0.3730564985282195,0.9038989324533699,0.2012850733580727,0.9790988152916626,1.0442178563251923,0.16038542424369634,0.04699275677779158,0.21497883914518318,0.12694348379049225,0.5518036831556679,-0.08113108762526751,0.43488560378276486,0.06410518089921578,-0.019727490936713245,0.3000659025439787,-0.6518155074122087,0.0,-0.3689992758514232,-0.057280774143700225,-0.1090141201906408,-39.12802546922689,-0.0066358899391896035,0.037619782069374025,-0.28253877018874635,-0.15557937812772035,-0.40759803468485983,-0.5246178418869332,-0.0032122049562323704,-0.11254975282973172,-0.03863024259889384,0.7611626537965768,-0.7343743282159472,-0.329102135862034,-0.13812270171012178,0.21537256375444244,0.10834810127237618,0.10411700317723517,-0.02063468752063345,4.9996493700036275,-0.17725455048718475,0.03743702027560252,-0.01835784060369879,0.06541195276008091,0.07633068524228165,-0.019747183451713207,0.016828740210759294,-0.17851126467963063,-0.27920415830446765,-0.6608181573112438,0.7420358073807847,0.0744647726498327,-0.1314502381981705,0.09867730087907847,-0.09304293293729693,5.958531835106543e-05,-0.002169430552416718,-3.528835163591037,-0.01388099130321509,0.45344755452885216,0.03217673597235781,-0.688725672677884,-0.3498327469947962,-0.21103981112024403,-0.13231935816070725,-0.11296413760375314,-0.01326331404683983,0.42301938240911086,-0.045501506895636944,-0.37207613673854445,-2.109188185065116,-0.17539739696466802,-0.08532846418610841,-0.06108569830644994,-0.35110881981474396,0.7619921612774938,-0.0527110042793181,0.3777368181296945,0.9570934840894819,-0.017305681158122727,-0.10941366379514732,0.17076532635558453,0.029509739981026583,0.37066507055425724,-0.01478922029321468,-0.2464913588313748,0.1042427786015097,-0.010776879256866476,0.1454577496339213,-0.006232247980315417,-0.20215788879240426,0.12574794957381083
-0.2993320563028596,0.197144207948741,-0.0672268462358661,-0.20842422572733715,0.1918300885924123,-0.25006917124646794,-0.35816158398178277,-0.13871947064826645,0.34327323790079306,0.9202299682261231,0.09004661803191828,0.9773824620675622,1.0108330831133339,0.13774761059467608,-0.038646925370678445,0.17450071825780555,0.12766021387739734,0.39242000057099913,-0.09459763933337159,0.2468331157775874,0.04937151076551747,-0.004174948463758015,-0.010244717298102496,-0.5256886123765682,0.0,-0.4073063588423654,-0.05226108909394638,1.0188346811887596,-34.53623948384522,-0.040533324355537324,0.03935401118806699,-0.14450592756920813,-0.1623548126329206,-0.4354648664856054,-0.44129936190210334,-0.0027047488346202716,-0.11396221486337672,-0.02023028924429044,-0.4949226275640221,-0.7872923186191344,-0.30241981564313253,-0.14568962740955668,-0.04925020698362496,0.10520601428820342,0.19042063608364743,-0.041400232409020146,4.83748622321453,-0.13869031424846162,-0.01679103460629805,-0.05140732178769017,0.04591266755815118,0.05768033548198823,-0.15653440564307197,0.0342115244604709,-0.1692705062547505,-0.2990478547136519,-0.6722132786046571,0.4954158402985041,0.1170523315295043,-0.16383821977404592,0.11941934824881226,-0.2043679168611247,1.8238120684663276e-05,-0.0023274133643638377,-4.406446512870278,-0.006151793599920935,0.4409943291626239,0.03545944688863486,-0.6054771478556039,-0.36618115406388174,-0.20323559141009503,-0.015970188536562995,-0.1529013033728263,-0.013511032198468978,0.43065619815530004,-0.047666682985392395,-0.38447240934120064,-1.801539653952592,-0.17872526886866544,-0.07768416117952961,-0.038582880093524584,-0.3260084834528994,0.6060776086421029,0.10159907245131015,0.346354351267421,1.4435318137836668,-0.05639759407167991,-0.10974338114436967,0.13552452530886752,0.029241364309873112,0.3163702786861618,-0.006567777515365107,0.10622602686054411,0.3043654599942115,-0.011790579302054462,0.003860068877575422,-0.006139029220515225,-0.21845620018965536,-0.09466481259398377
-0.3267745689903226,-0.10299924736759311,-0.06645404949077614,-0.1256234802936225,0.024104258759462097,0.07307044287737531,-0.18900685096648134,-0.1782376875557409,0.30850442487548463,-0.08338523438101246,0.19774919033596855,0.5121635708785897,0.5738435720448002,0.12955071502885132,0.03076576435017744,0.09025179794144136,0.18285973689411864,-0.12248446369140531,-0.09971725859120145,0.09928305362352016,0.03328297041208862,-0.016403961397818894,0.01461334004751811,-0.5840607529844621,0.0,-0.42106472068237316,-0.06198506105194303,1.0362828832238864,-28.729064467473954,-0.05839916600195573,0.044044017180553396,-0.1301607045662557,-0.1650725123769028,-0.44988667054209724,-0.44804108519498265,-0.0018379733475635336,-0.1154289179427329,-0.01928513066763667,0.8093274059693574,-0.8645723927613916,-0.3291082383812302,-0.12867942028303647,-0.02704104364971372,0.0930982055985403,0.099674510925013,-0.04120283402753636,-0.20218626822600957,-0.14633118381386256,-0.020829671982054425,-0.030055109395425814,0.07474036089589832,0.05397926389072946,-0.11505889035307904,-0.07229312805761048,0.527608168414447,-0.28370030005925,-0.14479006840523692,0.4831887795105941,-0.16004673221015478,-0.1445141550033345,0.07692815554922561,-0.054807336336890694,8.170794522078334e-05,-0.002445304498605663,-4.414801974771654,0.0037521628542323926,0.5004725429786087,0.026237823811619397,-0.1906970371829817,-0.32449840730082863,-0.19227323445644362,0.03543207811947077,-0.13834521832737962,0.0036212375186278306,0.19720030321367799,-0.02517930063865714,-0.41406257570861993,-1.5862581973464278,-0.19786685702992474,-0.029840164256216967,-0.07498252359605974,-0.010122366809954271,0.5816535790891693,-0.10726657763692705,0.49660565902962933,0.9873861591155159,-0.0804857723907223,-0.21384972790582593,0.05234135093211617,0.07100924198923377,0.3553775191008391,-0.018037587728145187,0.33117365470510307,-0.10735988978842259,-0.02358257866471365,0.016049970813696263,0.012537004662670064,-0.218192523220463,0.07033767084587927
-0.29902573546247463,-0.11519104208195592,0.01135895182906748,-0.01647914782177796,0.11622438092298873,-0.26406212582398886,-0.30920853319653957,-0.136411131336522,0.3616445964490703,0.9258273182623453,0.09316758783219127,1.0113255891236517,1.1237053151226608,0.18506924354190776,0.019713289886850262,0.10489543704536196,0.11612116791852219,0.45637402998674104,-0.09299569663744732,0.26962742358515224,0.02426413659305979,-0.07060042655224688,-0.06301940936619115,-0.5991732754322983,0.0,-0.4041584419300909,-0.05908592906871724,-0.06303665808634595,-36.52511812532235,-0.12244207821278219,0.03938537616316723,-0.19674032881582995,-0.15712618657989008,-0.39556270230771395,-0.4411363422339691,-0.0015701772744545922,-0.12143930014840554,-0.03669362875027118,0.9336297699506537,-0.7963315625489897,-0.23878356141080753,0.04959659593409488,0.00553616989194168,0.09827388960423906,0.13695252718500828,-0.02384842138522531,5.092706331903721,-0.11351560321738167,-0.019422519683216795,-0.022304057826678464,0.0467040119453697,0.0631670519292489,0.012872195277719921,0.004490264043185942,-0.13414729754035049,-0.2588738003832285,-0.6662636089171285,0.43159494772050616,-0.046091338343376295,-0.08978475127699344,0.2029923706796656,-0.09880701067707713,5.3478176991691484e-05,-0.0024512174360371334,-3.3026650936519983,-0.010836837612787345,0.44587692943236623,0.03497485489551309,-0.5230538222535389,-0.38425444618893245,-0.2177163874435245,0.013724549469364451,-0.13149192339931154,-0.013324706858687358,0.43257975333369497,-0.02632434756515014,-0.4271028814445845,-1.866843471756476,-0.1757698750249504,-0.07937808635343953,-0.06574321383372796,-0.26406275825207226,0.812227066336863,0.026996132400487663,-0.13698593831599576,1.1086781903018885,-0.03696795741798718,0.047654725525825815,0.1741165464405791,-0.0026571475577674697,0.34930746439879845,0.001031948812078681,-0.10005892417422167,0.32403350659332836,-0.006951874319023059,0.010011272872692595,-0.004297252234211459,-0.22163689993033184,0.11514113544814497
-0.34129987416283053,0.20912124787832734,-0.10097894338736627,-0.08629465338472998,0.038181805415423896,-0.1569997411192182,1.3387720258603355,-0.12254713046917927,0.31108951749771085,0.8808250733417508,0.09270242385498183,0.09464539748847646,0.3654509503979375,0.17516972517298526,0.006005094098974257,0.26929806657506283,0.12222751102125762,0.9131633599398854,-0.13263606643797074,0.08883475789325952,0.047996860929195743,-0.017348156176745722,-0.07138091783689778,-0.5225137073012193,0.0,-0.3336121843428689,-0.09472112397726395,1.1362858278574204,-28.844952217037058,0.006876661240502505,0.04059021408153378,-0.2703054112293761,-0.1623359962413645,-0.536027165400132,-0.4409932680775863,-0.0030758428560033516,-0.11311237812190797,-0.023827109767896835,0.9634566749872382,-0.7997249294919265,-0.3180899075610128,0.0595837300200577,-0.07314277113149169,0.10849825994439227,0.10078945658182299,-0.04047351934100191,-0.03126030658734426,-0.1796856136173519,0.09450108145921127,-0.011741423701263149,0.058005264404943836,0.060384169747669414,-0.22442941729588198,0.04568533844684664,-0.17805128870122683,-0.2692030050434996,-0.699892208848218,0.6851946091529467,-0.023771218484460822,-0.10456057508697703,0.23425094127679033,-0.17759173492748312,6.07467808378615e-05,-0.002071475631574712,-4.032566433048564,-0.006429768260213631,0.5179499940698187,0.03570997066689468,-1.2266371753157999,-0.3863135862251429,-0.19825494361481355,-0.07532263247159725,-0.13029268553479564,-5.405276684232966e-06,0.49468696220102415,-0.029521652638679494,-0.45099529762339996,-1.659864382810535,-0.1694897402885157,-0.15106978945159405,-0.04573315209141067,-0.3483458208523254,0.6520707795576944,-0.1420933959256389,0.6272604422286996,-0.23877381617876736,-0.041346295974297696,-0.24395328462115043,0.1560565075252645,0.04720772963171361,0.39666531781336584,-0.033310207125331,-0.20277556408144398,0.27129967336005234,0.017734733932391496,0.15012983196292165,0.015591853909809139,-0.19079815594652796,-0.11340307139714582
-0.40070784744752463,-0.11629566196789749,-0.037639862255815476,-0.0874166571818332,0.1317079683241734,-0.06857805816063914,-0.09835207588586908,-0.09435486782643639,0.268931333945771,-0.08274378440668695,0.09703292556182441,0.4315783440719563,0.5808227208607564,0.1431099988740341,0.0697457024415011,0.20293825428804801,0.20457954920345764,-0.11989229631040568,-0.12068652511044282,0.10144766870039022,0.028769086823839163,-0.01161157019242696,-0.1414900718660125,-0.5154891218397806,0.0,-0.25457520161275343,-0.119398156916246,-0.03258940939857728,-32.346402433469,-0.040387041635042406,0.03756878262761253,-0.13497009691775116,-0.07468114355900012,-0.5257001565603843,-0.43784790997759976,-0.0032194843919539215,-0.12018683484142181,-0.03288356790440574,1.106224322593837,-0.8206122470807907,-0.32838123815886866,0.03394096035827568,0.037593842425046424,0.11791106353173676,0.09678997044082839,-0.04415492295079797,-0.02884227868400749,-0.10521460450164234,-0.029924663002208658,-0.0249404120030946,0.06267387603792901,0.061913037907818415,-0.09239198679099751,-0.1171941921075179,0.4647349461979543,-0.28796981282471157,-0.15123700235871196,0.5110131081674103,0.03211972093837673,-0.06894690532162091,0.12101327252463785,0.2629812463393932,8.172972861291392e-05,-0.0023914736137005976,-3.0674254302506823,-0.011576153330901458,0.433299455268971,0.03278443762047795,-0.6439353357349751,-0.44578482436770345,-0.21191423184824174,-0.014734623105331558,-0.13751789093415814,-0.009932955324426571,0.42688115846624325,-0.015173026776830044,-0.5056304355934554,-2.1244958984246867,-0.18377949648591757,-0.09306554914534593,-0.059062399847920825,0.20606170101584487,0.5584043879473725,-0.11556157712668998,0.5166926509890063,-0.2460181699167437,-0.11838006569687047,0.10157316783592248,0.08417783473989493,0.07722687813936731,0.31152824619658537,-0.02003175712912523,0.32450400392348616,0.2785710394652337,-0.20086007352898821,0.1534821519666792,-0.008067099738900867,-0.2505027753933042,2.835292482025879
-0.3010483144366678,1.8325138582795673,-0.008592131943229954,-0.17399694433609847,0.08620759147077907,-0.09109461404849087,1.0385945019771983,-0.16300270009821866,0.42368997835264544,0.9088638559865323,0.20123679110744744,0.27633753111076387,1.0535032581536594,0.141517588439403,0.06703614950697627,0.2640269116009074,0.19010650096212622,0.7985754345336332,0.005324283954509103,0.09286616407347016,0.015761523768734444,-0.039897547622273,0.310088247494953,-0.5219216777968725,0.0,-0.23158258896529005,-0.033462502947000095,1.0766696301413408,-39.871758429954895,-0.09289730647906508,0.04509287334499652,-0.32350629807637166,-0.13907028699185536,-0.4238370494419696,-0.5189673311589952,-0.003218640884972559,-0.11445151498511755,-0.03177667054285465,0.9822833322857353,-0.7786400889407497,-0.30943199708124264,-0.12770575604917941,-0.03345635930503714,0.1099831274174029,0.18594676324967777,-0.025575271781142935,4.841856171727552,-0.1750856252869744,0.06250376610737857,-0.020923527580727647,0.06970001298344115,0.06459678413674506,-0.09883999796352003,0.01429545260902011,0.29159999806076664,-0.2261905391716296,-0.7005573900338485,0.7985563365947937,-0.09982692928177811,-0.09391989121507024,0.0857084129898764,-0.18996831587827182,7.563494884898299e-05,-0.002125376408089108,-4.524713726014483,-0.012157947916480805,0.4669340582653766,0.03602952589226666,-1.1889956659815075,-0.3533030675021707,-0.20207341392153877,0.02373124463367749,-0.12119134851780794,-0.013353534476238837,0.47655328189459,-0.031260622458649856,-0.4512758326904116,-1.759579900365114,-0.1096063334010639,-0.1057137635121575,-0.048858045891891064,-0.39333493534930497,0.6981359570617008,-0.09402001155052153,0.22958282148976053,-0.25608435742151775,-0.04843526814240252,0.015263491573828569,0.19680750383184253,0.05008192193462461,0.380665302583769,-0.0165520220434183,-0.18019932656987236,0.19220686616826058,-0.20234819129880238,0.009940686893831775,-0.0044138044970603325,-0.15923369128330603,2.4993994233624757
-0.337491470026776,0.879933050056787,-0.028576329363638416,-0.012906764244640344,0.17175740235264325,-0.11952228679317607,-0.3097260252987511,-0.15569926147860408,0.3237213388346565,0.8185256703024705,0.09778182270080517,0.5304887044981195,0.9088853927466082,0.1579592281495852,0.0730473097306601,0.1803612985748566,0.26595309843255704,0.7025751980028815,-0.14802607912233448,0.07054004644341219,0.017741709227721912,-0.028430621027895474,-0.0006846661089596332,-0.5113790138735035,0.0,-0.41375658644815877,-0.05484237028340208,0.0974483712805321,-30.714930652536943,0.05900005662654573,0.04046669910582779,-0.1598433240264379,-0.16281364239717966,-0.46558296521803216,-0.4231843414007083,-0.001898707695866109,-0.12289285595917776,-0.01847718331015215,0.8395774390048076,-0.7539334671607348,-0.31533667250222897,0.1931744761756385,0.24329815287990944,0.09724995236315101,0.12503611628550554,-0.04117069533467363,-0.13317972407426323,-0.12341488680450555,-0.06820682227063535,-0.04135336728463021,0.08760954278545022,0.062402597278285024,-0.10899839037443118,-0.005558739797115424,-0.20999472232099714,-0.2764326127514111,-0.7058104501614326,0.5706815518411135,-0.0100899542234417,-0.1306177227404511,0.13858899913563028,-0.06972481042224514,7.473723779033529e-05,-0.002167116198979109,-2.9247540645111676,-0.00770211112701294,0.4569314022741558,0.03636959759337396,-0.7015101222113633,-0.4091102302537587,-0.19858233380421314,0.034759645060113,-0.12864290498868028,-0.007346710639005303,0.46607931336238306,-0.03440048558447342,-0.48052872755216947,-1.8267222190998007,-0.18453893452312345,-0.08677513552814395,-0.04611188696445841,-0.31068458566943835,0.5589411365566219,-0.11993142966922392,0.49724540136129197,-0.20575613420937583,-0.08339183789618666,0.10235730484016602,0.18867769378036275,0.03512159221394608,0.3455632786908811,-0.03320354585928885,0.34768311683160374,-0.048444743490556955,-0.004009089722653425,0.029556940768071614,-0.004095103377924958,-0.22639127790470556,-0.044307249126927774
-0.29291978716632683,1.6846987520624677,0.002495487132120558,-0.005420120706742658,0.2184611166504039,-0.09078840914156878,-0.37993061616234663,-0.1527565301189642,0.4735011625633972,0.8379165897997106,0.08650415009742109,0.5478332420726234,1.0609264692889953,0.13988844871781872,0.06951762672618424,0.15862297705688422,0.10652225675175159,0.6173267003662087,-0.10075980542881362,0.09149929347493159,0.061554357709228444,-0.042787648569558606,-7.308582103499723e-05,-0.5317903297204658,0.0,-0.3161912605246139,-0.08231853379081519,-0.025277070917677207,-40.94365744336355,-0.012758393690920295,0.15608193729806677,-0.23036854471935878,-0.16551066317628452,-0.262275391822954,-0.43902583421378016,-0.0031647768748016406,-0.12100189455636408,-0.02614024427022993,0.5533027809685881,-0.7751141469366345,-0.3138987654022754,4.963612957855549,0.07010673295033497,0.1206095373200816,0.10713733444970783,-0.04127631303488969,5.107109842531104,-0.1089237255538941,0.005373591056430829,-0.014272522906660538,0.045351196583041396,0.06467845417569403,-0.0631432426561744,0.024273095720325908,-0.17192096636876533,-0.27360050452582496,-0.7123036217668526,0.827257855759147,0.1032204417797761,-0.1168748806673972,0.12179550592987258,-0.060834178327560315,5.707806509136567e-05,-0.002471432624248543,-3.3123615382615195,-0.006773443320085494,0.4286072097108843,0.03637365293443768,-1.1780549088335075,-0.37689303779063515,-0.1958030572655012,-0.139199697881288,-0.13324278991996663,-0.02029017575075069,0.24495192473520983,-0.045985007748914876,-0.49771364867025636,-1.750470850688368,-0.12526942392513116,-0.06495535118265229,-0.04923809093793212,-0.2753824702191582,0.8074793592327031,-0.08320054571652474,-0.14887565218118215,-0.2370200378134894,0.0020833534725085666,0.05415142713122581,0.1720185927652692,0.01083419154581413,0.2836189289774846,0.0005644288982355277,-0.23282942259293707,0.18824838747824613,-0.024928786091121924,0.15373651778825856,0.007199059918333851,-0.22547818819804047,-0.07487006067301737
-0.2695903652132406,0.7754441545238754,0.3773671819252327,-0.15277873343608042,0.2216143612704887,0.008065676386047578,-0.4003530433167018,-0.1065166682718946,0.27795761174402367,1.0315529593991957,0.11624447067453558,0.5018064003654723,1.0542514469631898,0.5589488277449943,-0.01800327112798507,0.11590284586742054,0.12885992037493005,0.7435918508725688,-0.09653243446073252,0.07995269487488735,0.06494462606997385,0.0100508676028334,-0.06543363615949298,-0.4947393002931385,0.0,-0.4076130321841655,-0.054790141466630096,0.09654591385342746,-34.813398039272464,-0.1097531901708501,0.1579835985928629,-0.00027129493332367154,-0.160909366030939,-0.4317456226866289,-0.43917898140334977,-0.003204828492306355,-0.1210060451596376,-0.025668700339685827,1.1585585804763552,-0.834405030390004,-0.3110479569491298,-0.13248701018741738,-0.015923941058214205,0.09856791638638535,0.1758911365561842,-0.0227477609475901,1.5776385552858574,-0.1271932104233801,0.02152376863912662,-0.01629010739195125,0.05444667095918448,0.057677642506029726,-0.03890268876714221,-0.0022300209980462447,0.4587383151615429,-0.2690291159377489,-0.5979961576209811,0.5378184997543156,0.015287046842080201,-0.11492498604776027,0.03357118630334667,0.17812650380029818,6.34556455668392e-05,-0.002041867333135148,-2.8855579535189264,-0.0064948402268205216,0.4776224678278749,0.040886569240020966,-0.6167153793308656,-0.3890410119190508,-0.22262491825548392,0.04024546509297944,-0.09937596715484914,-0.008952651223446583,0.4894660124279442,-0.038775615911473826,-0.5594545747339057,-1.7455229020680798,-0.19065240554426105,-0.05117386412300145,-0.03334474326051529,-0.210224081364817,0.635259639963467,-0.1006879053099378,0.6294849233713197,0.8267617169519833,-0.0507289870189856,0.046189200192495734,0.16167009337329513,0.05502450650685583,0.3200922335403744,-0.02394888139947761,-0.36310402829417104,-0.0816336136254008,-0.003950639029365813,0.018188896969787705,-0.02887571109011105,-0.17992802892838664,-0.13437904902821785
-0.20288484620124814,0.5341469625583288,0.3646758559501281,-0.007324364766643873,0.3318720032978303,-0.2541499720056084,-0.2900817013306383,-0.14174462707939553,0.548692060617962,0.9677213558077341,0.11500655127068989,0.7565942121222378,1.3181034374175262,0.5212281622261781,-0.00626582952395184,1.0967658842422887,0.1181547318659932,0.6711146985586419,-0.10624640703296213,0.2707677553352675,0.07269690692468932,0.20692243400263072,-0.14289862859078983,-0.48184344656095296,0.0,-0.6595476906288285,-0.11602429035871228,0.8496821465998385,-38.53493732060291,-0.08902463808600888,0.037134567290385945,0.053034316786920256,-0.07616663928576617,-0.33071569064598494,-0.552501833675129,-0.0031349463552351555,-0.12109307456484161,-0.02422682632534666,-0.16932541492054098,-0.6935221789332767,-0.33765029014837794,-0.15186560803696023,0.17987434070396782,0.11514769253243126,0.09317191639063993,-0.0376813267660466,0.7420529442658998,-0.11208757141176197,0.10518866274049676,-0.013291222510583948,0.03153168631643543,0.06284950107855482,-0.038425316666810566,-0.0877488656164584,-0.17870349273915137,-0.23086508561945857,-0.5300100177367095,0.7206981026885583,0.03882517999614749,-0.022630525306966878,0.1900192973494724,-0.23340357249710755,6.417943067651777e-05,-0.002253438322576537,-3.1467636711261324,-0.0142308933720275,0.4730371504336214,0.032707265049353625,-0.8797404035619667,-0.33288175077383586,-0.21859892026213418,-0.13823492748599625,-0.07875624930505473,0.001521540981018198,0.44099991587986903,-0.04515924891075583,-0.5759188622525315,-1.7157526594573524,-0.10227590505134802,-0.010049504139365084,-0.057212017982443936,3.0371288120415736,1.168636953860436,-0.13853507245432395,-0.21301826433382037,0.8262083869435941,-0.013568846476009722,-0.12310191960184053,0.1394432705258132,0.02461076342472815,0.3319910783261391,-0.013000925493538944,0.3232338122424806,0.3796586939152483,-0.013206407357636864,0.1941673002547027,-0.011313027428682157,-0.20109673219156846,0.050596085827920016
-0.20334833528630497,0.0796783581571899,-0.12343986365839645,-0.11358470625837923,0.08011294591097066,0.08288637970742498,-0.38194551386123177,-0.1598873181518567,0.2506448629475647,0.9302300934538542,0.1105045750483773,0.4188897892925334,0.8077251344985674,0.16754500691537474,0.020539955535301333,0.4038631911775879,0.21440780958130123,0.5339431949927216,-0.11912761209954369,0.08651853808362318,0.032138705683729285,-0.007113660527741829,-0.09843758588500952,-0.5239375424643361,0.0,-0.3722338715818484,-0.09134332969887131,0.33975973484014577,-31.83321767974698,-0.04545573385281868,0.05096794057494561,-0.2696845029047603,-0.07580259536140109,-0.49853851613333894,-0.4293768662709698,-0.0031545076707633615,-0.12143085856738677,-0.02062559805866827,0.7899893562416129,-0.7022009506537786,-0.3217912100461928,0.07049787701275448,-0.003404572740246621,0.10057846427283144,0.17793094150592786,-0.04313488681898848,1.4395424167592379,-0.125773022250035,0.021342529050678453,-0.021914825349892572,0.054977692034544605,0.06568264894065944,-0.09571863622983297,0.037750692222897224,-0.16628322971942247,-0.2701866175029219,-0.7047272775945301,0.3965076781594447,-0.030444354453593687,-0.08340264826591179,0.21164411770175465,-0.21603697386151652,7.52383622617324e-05,-0.002187226216390698,-3.323170030552274,-0.006582206452510705,0.4711376942041665,0.03579888271008571,-0.8388074036657056,-0.42691257767843527,-0.2052570998364482,-0.027852243954946426,-0.1251659956830414,-0.011214493131903008,0.49178515262930883,-0.03271737028528479,-0.48347998490740296,-1.5537144165853891,-0.1783374705047232,-0.049805239976306016,-0.04607656649575052,0.9196573996300483,0.6783067538910234,-0.12208537038349361,0.6446281036022146,-0.21421431410449848,-0.11286244345503438,0.00899524070028211,0.17741386538841306,0.032469325091740255,0.3453982229950241,-0.025795579675472698,-0.25385414531482753,0.2998255701907834,0.008261444132800128,0.01314796927340614,-0.0020318286408998352,-0.2086627384312507,-0.011621463344579521
-0.30830696060226864,0.8736593357580218,0.5790980892729473,-0.034919280195173125,0.1993950235382256,-0.20528681240368685,-0.3970628878033683,-0.16319939516394744,0.2833027035846167,0.8244310511905675,0.10152143699071368,0.5653810961936795,1.0569572432686378,0.16986750488946917,0.07078988015735296,0.16755409432424856,0.1161631018450851,0.6169595168875006,-0.1105414948888827,0.0613773161055717,0.05492945819855718,-0.05110582014439135,-0.012836712579763055,-0.5105427352557381,0.0,-0.39118982077694076,-0.08935661925301412,1.1295307123179705,-29.350725656092475,-0.08211509801251125,0.036928148715412834,-0.1650813501392323,-0.16933052582974106,-0.5102806781715309,-0.44355197593275136,-0.0018970158676234312,-0.12265448325846127,-0.031646576548475226,-0.21723177339449667,-0.7485582672411991,-0.38100403581146286,-0.13442918887442482,-0.011292516260894319,0.09409728872219571,0.09821546797211471,-0.02598107648404319,1.2995832110776468,-0.11371209087290367,0.01649058774776347,-0.0720807071693412,0.05379400128057666,0.06128828160055736,-0.04389703688057713,0.029154210492656474,-0.1839661363319785,-0.26299873004262275,-0.7222389812657637,0.5114142591855592,-0.0383200625128503,-0.17651946632455692,0.09026342713547139,-0.00030526937410687953,6.330062364248614e-05,-0.002583432951303689,-4.968187595600194,-0.011926766232245473,0.42440927224689023,0.03656774942570062,-0.8512138370261523,-0.4806647151931891,-0.18203591785441886,-0.06223850121648985,-0.112784981196844,-0.029219930309905575,0.45779738772817363,-0.05578461305320468,-0.6598003258601726,-0.856304554807607,-0.2063860925549687,-0.14726886739402936,-0.07389751514451205,-0.30728465474347416,0.5548147702923429,-0.15482579010493852,-0.01997946971321205,-0.21244697066562393,-0.06438661463780726,-0.09396596557123796,0.07858280320173942,0.03552854119896638,0.31120033158805455,-0.03237767086514164,-0.2355917077955042,-0.0815474091256018,-0.014361730585889463,0.02562350304455698,0.0031533786567010027,-0.21115241697086085,-0.13008747080851832
-0.20159621057294164,1.7538156099459743,-0.08268819631869576,-0.08699596359485848,0.13570200380935807,0.37318957056394053,-0.4148167425868187,-0.1240059053622202,0.4513242566395507,1.5269154578806545,0.10174590504197346,0.5284668456231951,1.0560106938379439,0.4877258818782898,-0.03182343642621277,0.14536760534201418,0.12452563066051665,0.4663827565605516,-0.07688244633418152,0.08678316791385472,0.06713107250611884,-0.006819477968764253,0.015012434097031945,-0.656766972891561,0.0,-0.40775548852491966,-0.03930400843864816,1.1764569870386679,-36.76963762068261,-0.1514574471778272,0.050430676275347114,-0.21256934604336797,-0.15701541752867568,-0.4645809627081368,-0.4355742642030713,-0.003072775187434472,-0.12294544222183221,-0.03355532929101086,-0.7669033041753245,-0.7927674501949391,-0.27235875989777686,0.2067857715771018,-0.0070275779691226095,0.09501733556450773,0.21051356002165,-0.02446781396564271,4.876885459683736,-0.10242890691167955,0.0026644912906750653,-0.034351781566581446,0.05555005437181161,0.050574699067786895,-0.0483657095180879,0.008295072936413666,-0.04337230160135748,-0.28926352109486697,0.1301175666735703,0.6588914082067552,-0.07800762641967915,-0.1663900415919828,0.1207813121664325,-0.32957565013528617,6.447016359316575e-05,-0.0026388424325037977,-4.49856556159329,-0.010543776849500633,0.44395758851238704,0.04863066888632365,-0.6037860985437887,-0.3840236872822255,-0.1926819354127056,-0.12086847131738691,-0.14625609613428817,-0.027228046324498267,0.4941815359657455,-0.03750148147283037,-0.7440722156331419,-0.8874129936221146,-0.11172588289225809,-0.10817679277732153,-0.04996796848810089,-0.2749640217773073,0.5461263200281582,-0.08377320386980873,0.5831951001040845,-0.26250690501834545,-0.060393738243780054,-0.07533002964022668,0.2700639020240943,0.004392067984216232,0.32790395971972325,0.0024928020868634966,-0.1970935073726243,0.09378574974297563,-0.01798277682996895,0.0324408658478863,0.002811662551844627,-0.21663972950837457,-0.10977377170257065
-0.26687463011384427,1.9015597317020803,-0.09582387969223173,-0.06087184353120759,0.17264249456019223,0.3142203268940198,1.3425037489011122,-0.13343637006098302,0.45895711671184936,1.580125707267568,0.2056573212042407,0.2948407998643158,0.8282484015185284,0.15482863351548443,0.02422053966073231,0.14637875772754025,0.21129869761613868,0.9183217448201847,-0.13440592417348113,0.07085625899129298,0.028565841054589904,-0.02837855780622963,0.2184860735979781,-0.5944821623939701,0.0,-0.3220240646621453,0.021547013967917812,1.0230258323509454,-36.018358738282565,-0.06566044855567958,0.03870774231635315,-0.1477832980031275,-0.16124080776850674,-0.34153455077563255,-0.5377293493599176,-0.0029461806637911775,-0.11314691015308002,-0.02381314027785577,0.564031897961739,-0.776252844110398,-0.3359684440985036,-0.14405059100901896,-0.008264044724660306,0.10097868303036457,0.12533388102893303,-0.027151433275000258,-0.057073983716705995,-0.23135495983762244,-0.06716111147345791,-0.02409593917692318,0.06427646116232016,0.05976431835952299,-0.11015142477869598,0.0441613067993523,-0.21065043476893763,-0.26709019236155684,0.12723855334308964,1.0270121297392942,0.5682576830086468,-0.19599031643540346,0.27454332317451996,0.11666246560583828,7.944897445142129e-05,-0.0023430892682788497,-4.977661401031132,-0.006213893421511223,0.47667543547917823,0.04407246011797566,-0.4335320748862116,-0.42780497103491805,-0.2102412658724347,-0.06867424460177476,-0.13478392599068592,-0.003050589911689425,0.2280028247857863,-0.024045119204476165,-0.3315668963993059,-2.0396189922281898,-0.10134519791001805,-0.09716434398039632,-0.06308811319722335,-0.3203520610548243,0.7250380369615789,-0.13107170495569304,0.350310645532013,1.011419801937086,-0.0663712646312439,0.03385103274763688,0.33981848068530895,0.041602937095225605,0.35668886982664727,0.13891985975436197,-0.10028706397109884,-0.05253417494238513,-0.01602256889419632,0.006171477231499607,-0.00028076377033530906,-0.243696805934739,0.019049198893546972
-0.3397872849578456,-0.08634285165059412,-0.04182730892875993,-0.1809523989642013,0.11853277238115764,-0.15934368377515193,-0.37229201918952554,-0.15683337696549107,0.30442026890374385,0.9177671256165473,0.09412041373052508,0.9705181929414137,0.798617726534135,0.15729209190926904,0.05708603754858408,0.20347346604890088,0.20530590553803715,0.46751037215261604,-0.11886071336608003,0.11393385741429508,0.04767766117333858,-0.029235640260720085,-0.003768236987915331,-0.6474801235470753,0.0,-0.41235901895355187,-0.048816079061297944,0.3061038166463946,-27.211486990050144,-0.03151743222805417,0.041887049839145755,-0.21141594003520411,-0.13385547328733288,-0.48538986630577863,-0.4442566954727787,-0.0031536393509282276,-0.1252324149549896,-0.039708494936341446,-0.17983465793437248,-0.7928362554711024,-0.3310330775549045,-0.16080051000142548,-0.10322869563249784,0.08804588690582638,0.13231418582410667,0.27888514513452534,-0.1477055125061734,0.042879671758488856,-0.03139203505492936,-0.04620748902936771,0.11423840798594766,0.04743464641110435,-0.1437461711195813,0.01978774772016113,0.4273221184000506,-0.27483587440429624,-0.6690469717761294,0.3881190080948976,-0.07051041134558195,-0.16863209659179929,0.0953852022771012,-0.2978814440999422,5.877400531106143e-05,-0.002262441773154334,-3.9236006793707427,-0.010887051117736565,0.46278868930162675,0.0371510305931518,-0.6796349005427844,-0.44217068214535965,-0.20459946958188735,0.0421542830477781,-0.13395480711991714,-0.023490600831410333,0.4184014330292578,-0.027466015563276415,-0.4746901511520154,-1.4200454496287174,-0.1886804635127294,-0.16475364803253548,-0.05375044197564252,-0.36142197018758615,0.4977731692387676,-0.1200403752667656,0.5562454460760811,-0.24251753979762716,-0.07117940212818746,-0.055898420229401405,0.13689811264484886,0.06605540936113342,0.31541444381492534,-0.022629271712375054,-0.21247999473920826,-0.05806057985395245,-0.005540902769481694,0.022502508434502178,0.006584022807971376,-0.2113043245088463,0.15178740032237223
-0.30865131015106007,-0.09818093357664327,-0.09623034341326317,-0.026315254437805278,0.15063857068541384,0.010447946515188619,-0.20370007161551607,-0.14835743073632718,0.47449364325799276,-0.11832591629847747,0.09292718941511083,0.44201599424690785,0.7849543427228627,0.14137686227092602,0.07045507107890231,0.09749400636588325,0.19217101088891972,-0.14157491901398267,-0.12011459655390666,0.06490603690130838,0.02547785094725887,-0.004302342340019636,0.24755028821210023,-0.4248050209441043,0.0,-0.4520169965237965,-0.07816405931237408,-0.06774334843366266,-27.82305654266162,0.02343625671061605,0.03636624510373668,-0.003369286117974391,-0.14812019515848368,-0.5229497911039941,-0.5034513187821946,-0.0019392866172659945,-0.12039136129178798,-0.02291776985915167,-0.4727428559111448,-0.8384234278363674,-0.3669962413631273,-0.13131762742272401,-0.023147493780974894,0.11347316218994682,0.15181002650872125,0.28271093684478427,1.0803790063972958,-0.08711695580663548,-0.013621204537777824,-0.04149646895142577,0.0976573856112818,0.0754767492867445,-0.11082081987283066,0.036811431891467024,-0.18952992053753814,-0.2588031423640643,-0.15017445797568574,0.6073030044320603,0.036800520916829865,-0.19553520360511215,0.10867413178062774,0.009898499756208228,7.07253017851324e-05,-0.0023937465314944066,-3.392006970283239,-0.013292613047649377,0.47833930999852226,0.02526503756495306,-1.0923239865624526,-0.3954038460409263,-0.1931793985176243,0.036612045355020564,-0.13168370514973696,-0.013563944901310505,0.43667039458867474,-0.04087416988911221,-0.45447148785982644,-1.5913303647840362,-0.20395104986491264,-0.00831492634392943,-0.05341326736402986,-0.340846217366993,0.8742276784109845,-0.14713538391337258,0.5198019125605304,-0.23747167513311307,-0.0901216764449965,0.0604419210863003,0.03154386952847694,0.12817202724074714,0.32967184578922293,-0.021333230257973217,0.2993711643249367,-0.08800299541855978,0.013823586291596683,7.504623066110626e-05,0.00970284686579168,-0.20082187995656378,0.12405663225023864
-0.2883969012601951,-0.08819577196175334,-0.03311532233256022,0.00990089300319013,0.11850064662170312,0.1906237831471497,-0.344709534132852,-0.1554087752565841,0.42870786922876297,-0.03314984121665998,0.09051374586643465,0.4512575947130618,0.739232030038756,0.14362355258805193,0.036843124958178694,0.1572112077372242,0.27814972725474135,0.7310098915014863,-0.09107572327705822,0.12005717703868608,0.061113415529211415,0.009352442851954757,-0.05766280119342207,-0.5117711141902556,0.0,-0.2865754724972457,-0.08736652381723709,1.035802122952045,-39.96624777615067,-0.12537367169708355,0.03841257481625749,-0.14497413750119453,-0.14948106884879264,-0.31735234535104545,-0.42224322678456006,-0.0015292711169427229,-0.11357046005787373,-0.028939486077973677,-0.4369226587294769,-0.793667253055073,-0.337545018812274,4.737538902075956,0.022048860475498047,0.11876316712096728,0.13278732537531393,-0.04662324183593532,4.895455845846215,-0.07703362364541369,0.04152256604896815,-0.02648382741255621,0.07173988021377414,0.06872439640036732,-0.00039326228678565763,0.02497821622166931,-0.11701474432512515,-0.29268662156406194,-0.1587745105106486,0.5112555359274217,0.13521152852791982,-0.054997486825022195,0.13593362787915877,-0.277966185098467,7.727779962638525e-05,-0.0023772236524667663,-4.363987434893939,-0.011678602581776498,0.4498449643473449,0.027814808596602077,-0.8070116632959731,-0.3488750644828965,-0.2015706984703337,-0.05181177189670427,-0.13783702431827566,-0.013545782903322411,0.4353083531808902,-0.03910367618176989,-0.4009184318469643,-1.7114748452284556,-0.23435104419507222,-0.05783517096025168,-0.047117416150810026,-0.25469268893188546,0.7725168661101537,0.12432968622344988,0.34241220113543536,1.0875607996323624,-0.054388580448297794,-0.0683140251638702,0.028294932993683394,0.05391883752909636,0.3844650249415053,0.004893434714606602,0.3478457798932308,0.3189060542023957,-0.01868915933301141,0.004585679978844861,-0.0026733155463888663,-0.23978656498125436,0.15719804538773807
-0.335489461933794,0.1762777259612132,0.6554207199047093,-0.01773557384214515,0.22077273463171115,-0.20859168416681975,1.3847535780998785,-0.12335810601408098,0.4421966343133842,0.763259117734888,0.1957495258001561,0.6015001137072484,0.7301684872148021,0.14681046267871428,-0.004274021676677363,0.16387829965047873,0.07740262825711743,0.9549633816746649,-0.07658333009022267,0.07264024404977261,0.13138716131832243,0.0013563491341297483,0.27708220864444605,-0.6916784172307142,0.0,-0.32843428823440274,-0.11241948089513076,0.8448962337507562,-33.718027799629276,0.0064070884442469864,0.038714196618968695,-0.0026273235950490257,-0.14074929456076285,-0.5080492996238203,-0.6340052719820239,-0.0032359509731402915,-0.11623118317738278,-0.03877425692398188,-0.6799998276036169,-0.8124319858102256,-0.31428394580040964,0.009700008690874517,-0.031188633190358004,0.0987912004595371,0.0919369124492458,-0.03883299821412003,1.3777117896617985,-0.04839050732055262,0.09361089577977189,-0.046180168244136253,0.056781652432662984,0.07743365699591666,-0.16210132411990302,0.0414313279193716,-0.13070985447827366,-0.3119153138341282,-0.717112681024781,0.8289511779190721,0.12738458364536193,-0.18326621673493484,0.16096137046359427,0.0375589015401253,5.8834095676096846e-05,-0.002452752579697157,-4.487878278926466,-0.010342181151460563,0.45051411353427034,0.03663218373393765,-0.6470856070597258,-0.37181478007820123,-0.1973297536109899,0.02735877730932723,-0.09990638660331064,-0.008099928181420113,0.4261785960960455,-0.044450635027133506,-0.43749990096223756,-1.6040104302594258,-0.18698056674709826,-0.12428890145628949,-0.049543120300324914,-0.29896092343298675,0.7522890683984657,-0.02592164169359848,1.0034398050142495,-0.25053422548157434,-0.0786739724658754,0.025863989171244016,0.12815508715587212,0.02648300996880056,0.27947875818730444,-0.011820876675912782,0.43013394941388017,0.2691856705312636,-0.024193405067031413,0.01458869148833937,-0.013229279609746536,-0.22166398210280439,0.14388050369778682
-0.37663416663473903,1.2937758800701975,0.020665590796382718,-0.07466063306450549,0.11439162507806934,-0.1691262742116329,-0.2019751827043871,-0.17028814693619787,0.5383914878632771,-0.12977561051216227,0.08954615804355366,0.4137940637907257,0.8331731426082774,0.24035267052472342,0.008407593708174258,0.3900945247563998,0.1981535375834045,-0.12753750714608172,-0.1425141232501228,0.06702255381454353,0.016176221347065554,-0.022194139297365294,-0.03195665699060605,-0.6384824507774561,0.0,-0.36925286029057725,-0.07845272523290409,1.0537644167042142,-34.070664787766376,-0.051452500696508634,0.03562041679259854,-0.17652824448227605,-0.0674012739050938,-0.31287569386970077,-0.43706824378978804,-0.003104975229976347,-0.11306858417544312,-0.021506421413618797,0.8349726104257571,-0.7371721342233428,-0.3088630794236688,0.20482437260583472,0.058771783659198155,0.11270683837288112,0.07800110689172839,-0.015591519434133574,-0.07051587886381244,-0.05740203242420408,-0.04201661529618756,-0.01733758058466033,0.07034018630627992,0.07890131941169874,0.5404701086410978,-0.09904610219088812,-0.18267602908049682,-0.29414064591763467,-0.036908252604226754,0.928466195768022,0.4666092286570033,-0.05306229039288562,0.14222726698030935,0.13774035330915893,7.120355343662884e-05,-0.0024000413999446667,-3.7450324001805178,-0.007547052214199753,0.4574791159015275,0.028616346865907395,-0.03559621871403876,-0.4196034382542001,-0.36036065945840123,-0.02887642861761954,-0.1430866114998304,-0.008553391931739117,0.4123966215893589,-0.04380078765901058,-0.46060945154341676,-2.513326307258123,-0.08874633094002765,-0.04318629692427259,-0.05682166452952303,0.8277877860859435,0.4719936212568626,-0.10064037003452148,0.5457169611351893,0.9475727931067174,-0.04130917836089821,-0.061303389876350846,0.04071805642759824,0.10059708635738815,0.3393995907206944,0.1304116970278003,0.2860131526617155,-0.12078699863544677,0.004906432330365618,0.03536338552501314,0.0029586082614078938,-0.25410569070848277,-0.09494247670640375
-0.36527785380638933,0.19331085014909735,-0.033258338458387667,-0.04274873492558227,0.01826128053985925,-0.09380943404423296,1.4766820349655405,-0.10582762837996397,0.4402094651168258,0.9218969303033909,0.18029575142756418,0.43193497090547855,0.7248464394598922,-0.09495167087731742,0.04664230170868447,0.16153253680275942,0.12315655905149978,0.9716192567133319,-0.07783244897903453,0.07557425469776753,0.08821231959682542,-0.033904952614579,0.2636040859319447,-0.4488808613435611,0.0,-0.3532301712296137,-0.057158132288511694,-0.11118053738955691,-37.00803235949964,-0.01869282634274469,0.03576258407623662,-0.09271825705348372,-0.07457902204270112,-0.4450904511901684,-0.5197654727813148,-0.0020802302363345272,-0.14365378610907129,-0.07599225064649191,-0.813281330947977,-0.9123066436726123,0.4281862105272786,-0.0028149126518318282,-0.047259131536929344,0.10794076372002534,0.10073256665490629,-0.041092965236848016,4.758191479043981,-0.2024347939744522,0.03554450556861721,-0.01229455607592118,0.06958207599424171,0.09114832607154631,-0.03048898704518163,0.00354525327357607,-0.22717170416717644,-0.10838887304103102,-0.7130141327634179,0.7956703794587092,-0.2707825809128426,-0.1595036772857411,0.09225857425664052,0.006612718211898043,5.8502342426390476e-05,-0.002669779304131105,-4.263293674450349,-0.012855907149069272,0.5233602570029647,0.03606009229168201,-0.6262923877175522,-0.39990719428134963,-0.1877585033928132,-0.13805961826875446,-0.11781237668968422,-0.0001677019077980516,0.48645009784212373,-0.04696863598122094,-0.4182526425962615,-1.0800651246544848,-0.1820994573359531,-0.11837016409395616,-0.04583839994105346,-0.2905633861713936,0.8326623041524664,0.017851797811553653,0.4717742499724557,1.0425211914715942,-0.05329119285409527,-0.1182220035696422,0.10506523996393205,0.046238093841670734,0.34283092676695964,-0.02612554220065103,-0.056586005059150596,0.255240814171049,-0.015115408559999485,0.1958652367732653,-0.024373981311682957,-0.23947163635854402,0.13865101310023537
-0.2925286322059254,-0.0825946683743725,0.025952945895368,-0.0002021826163495985,0.13497426072969285,-0.028969159138083792,-0.3005220892043971,-0.1681272375946697,0.385027716084273,0.83784112838789,0.11375791937474561,1.0176536363874367,1.1205064407390313,0.14121729351348963,-0.020176791643463428,0.10300967376681391,0.2812849054594428,0.31698388354933366,-0.08357728314031379,0.4964889267518495,0.024544827434036742,-0.021839273661024807,0.010990636751038755,-0.6787346511529352,0.0,-0.42279892188013113,-0.07525750789687123,-0.06333622637330916,-36.93027871171955,-3.413369925878612e-05,0.14920380607362543,0.01591472070589279,-0.15432595819201148,-0.38502166336515325,-0.42536990786256346,-0.0031400078860061927,-0.12174776313361686,-0.02237653167366175,-1.0075935046940396,-0.8107139773251025,-0.3081903418238505,0.22100484340756232,0.06985138446927106,0.10028820569916741,0.1456002802315529,-0.028005102803015408,4.729511529516411,-0.12422735198980597,0.02239978531600765,-0.023519906442956443,0.061733486273218036,0.061785414543465665,0.011437546269223452,-0.0006545271094398871,-0.017868928014435223,-0.3412435146413875,-0.6596824064441811,0.5323057836852005,0.10250569580477649,-0.0803671163527227,0.10852587858280266,0.12874471528356002,5.0035141237044376e-05,-0.0025247668533547175,-3.05278874040794,-0.013539099235146207,0.4333849450463028,0.03590260721777561,-0.19743843642179457,-0.3131082999122854,-0.2175448030740007,0.095389597618012,-0.12656578350186118,-0.009605215891351377,0.4422906077304988,-0.0326708707059153,-0.3672438112064845,-1.8313555144207008,-0.17668837460466316,-0.04575938289851768,-0.04495497788611526,-0.3312007348505882,0.8647990842277145,-0.011488370775343065,0.5377679479187351,0.9844866308089057,-0.0592315731849457,0.07058566422624478,0.16347530726837672,0.011076693117897897,0.3370634316130225,0.0025030690335212276,0.1858851939566458,0.07602753463653189,-0.006316232853213306,0.03418029135940999,-0.019333869653585075,-0.22304084590222675,-0.11943742100668119
-0.3327976411402664,-0.12676756749807527,-0.00490376582647146,-0.1392492181345475,0.1489862552148266,-0.05073505016002601,-0.4177261753117773,-0.15654988429039718,0.33972985855518123,0.7872797544332535,0.09059344738632967,0.5112980324159332,0.5031056298049474,0.17070467490977273,0.05476474641220549,0.18348572460453683,0.11412202533184745,0.48776928330633046,-0.13511845526930785,0.09995231140473164,0.059529680447525365,-0.033831336203442766,-0.013959017489809872,-0.5496505029087699,0.0,-0.4163176869897744,-0.048272161787690414,-0.08854611244724367,-27.59254129501439,0.024416846985116366,0.04333842727168536,-0.16508199253353517,-0.1429155569049001,-0.43394282811706425,-0.4419063851365884,-0.0015958661095789159,-0.12142240314231262,-0.0368423413412773,-0.42941654944348623,-0.7785301024747603,-0.36177933771540594,-0.13426722867099147,-0.08355029763368377,0.10841711462079417,0.17234226091939533,-0.023845329583068592,-0.3900504103206244,-0.13178824287324437,0.08317448664594605,-0.027758549955189088,0.059527434935167975,0.05855349837903558,0.019666327619628915,0.014097728180704818,-0.18398967017837928,-0.2802918682111474,-0.6955327701947164,0.5417040093354877,-0.0008422731815822938,-0.11620205931617571,0.072670381023138,0.03189902083579264,6.246439717580558e-05,-0.002292316673008331,-3.0677787219093804,0.0015547559996949608,0.4742242332251597,0.033379967370164236,-0.5345807996615589,-0.3501874702690025,-0.20984137415413984,-0.03915454608788589,-0.13221560763505655,-0.008801917463200451,0.45143980134486833,-0.025384313218847473,-0.3809119625665533,-1.9046540015112075,-0.2074999385680963,-0.14569618005645632,-0.058246201738226366,-0.3174191282347156,0.6275770158842869,-0.11233731664020337,0.5321259433072,0.9494507090710421,-0.041047032921999384,-0.05029167304642774,0.15194764858184415,0.0513444145325909,0.3528070942547008,-0.023761362630012117,-0.24615680232987758,-0.07310370358292963,0.0598396853767966,0.011151853454534172,0.043044973853853544,-0.2129490007511976,0.15993721812755626
-0.31455304039065296,-0.1271458190426732,0.02895955304103158,-0.08176142019265759,0.13926625998292938,-0.3356234342421996,-0.19485629016382552,-0.1475418215459059,0.3089560281635113,-0.04521148640287963,0.0976300887145028,0.9789929198626695,1.016545625270992,0.13068361685905344,0.06956259239010876,0.39733580739786317,0.18687988991723753,-0.1245702782924202,-0.08229471290000369,0.3526048528837391,0.055397148919326476,-0.027891621369360974,-0.06324766428566762,-0.5128615226207154,0.0,-0.403278728086067,-0.12101200369047613,0.023741784744857344,-32.914160172815144,0.024410387980890322,0.04240197899856322,-0.12749089258786347,-0.06406576099127863,-0.41255452000771525,-0.4315450820774436,-0.0031101727524856554,-0.12173959733163192,-0.02472288112380181,-0.8296040571208296,-0.7247815401128983,-0.31777251412449375,-0.14881260708113173,-0.05735823310142934,0.09827732658131419,0.1113824187659311,-0.04019653005859602,1.2160127373379275,-0.13739003467612493,0.0676801393003751,-0.027628245808725273,0.04878283181013776,0.06652120563554159,-0.21452149080979763,0.017265353436738965,0.005670991376153911,-0.2798243886054586,-0.11497442871846256,0.5232525247076488,-0.04775983300829927,-0.0630777920794273,0.15675138820015333,0.1920712787015465,6.186857876355193e-05,-0.002189886392944596,-2.929459712856061,-0.008574749576965775,0.44679434342441265,0.02588930426202731,-0.43738712366308574,-0.3331661207393055,-0.2180589212996525,0.03850873636108111,-0.12726834882132226,-0.01340191036491074,0.40053218702897053,-0.03486122483863976,-0.3661500119569008,-1.7198713139478847,-0.15892705335793184,-0.00012170378354685232,-0.06227008486531531,0.87482489976063,0.9470486794536396,-0.08865360924940743,0.9462645447035433,0.967842760747859,-0.02730665695810528,0.004791971996550204,0.08578645807360907,0.08728313308806589,0.3274099811972051,-0.016687888731987864,-0.20509263838571928,0.3521417604506728,-0.016192449556198373,0.005539879780558172,-0.025167825784975045,-0.23763258651069563,0.01775207243968037
-0.2719676019111654,-0.08678436038461468,-0.07297080836932784,-0.09766456311253124,0.263870944721343,0.11139507719586457,1.457115921792332,2.9360263787705847,0.35654627224124696,0.8738021876286972,0.20721326874825718,0.9120716068336401,0.837905154185409,0.4958401781494624,-0.43808254085834547,1.9529081041270078,0.12889583863797374,0.5196426641205019,0.02191361126793933,0.47458703779192746,0.055246908346730454,0.000614949988005455,-0.003202118989998189,-0.493312783037309,0.0,-0.6444307134113687,-0.10820392341748507,-0.06554169891023924,-36.53215763922184,-0.009331267190413047,0.03609130879231401,-0.23716920007126258,-0.07786552111862483,-0.3753312342263417,-0.44753595364644644,-0.0031884469559815463,-0.12179569661910672,-0.02499901027587316,-0.7546041208771485,-0.6664657474193805,-0.32581407585788497,0.18838108084105534,-0.04861001574434481,0.12018266513258606,0.1604485805238608,-0.019705011304142515,-0.24427112930711217,-0.21575031704048292,0.08623167304544391,-0.04958409644884586,0.07285727561695224,0.054076472241318986,-0.12979984221178928,0.013038696198235175,-0.14391916979029365,-0.27183179849528655,-0.6724541240049483,0.7755040454923889,0.0039802776788887715,-0.09046267309174354,0.0982922863964206,0.029459513840045998,5.611029952927673e-05,-0.002473549503609183,-3.244035869494455,-0.013470837482828435,0.4403859376260753,0.03561586351658246,-0.699822942625631,-0.3314474377942072,-0.21292958421201738,0.0240941404473338,-0.11191378752271101,-0.013784661054393901,0.4573813667194387,-0.04131142837966388,-0.5085011040951697,-1.7535941620785602,-0.1921438991796717,-0.4091396876075876,-0.064601686435617,-0.28077729926070816,0.6220058945765009,-0.10958173488437246,0.8640908118385171,0.9468764149668685,-0.05703541658955911,-0.09787243298864429,0.13316781776107955,0.018692478713004137,0.2902302862235417,-0.01165166208258383,-0.1627927381552316,0.1696208295112117,-0.1009040101141913,0.028886238420532152,-0.006850316898289884,-0.1394432796004654,-0.047758940855504944
-0.2720886101447491,-0.11230932518207482,0.6831250488028875,0.002610324646922353,0.181347551498925,-0.20987412017674156,-0.14701637656606945,-0.18110611719380665,0.35436635296573116,-0.07557160938779292,0.08644687226862627,0.4923031647627775,0.5133902869467599,0.1304527030603043,0.08845966775331991,0.24220773322707706,0.1453985413524985,-0.10218522351597475,-0.1258351077163878,0.11684832876095026,0.0516887190059602,-0.03094869190798563,-0.021854338850640156,-0.5063959303500847,0.0,-0.45026327272895594,-0.10628619036365973,1.0578250177125559,-29.867275616204797,-0.036377189302154195,0.15486397115692685,-0.22787870343065134,-0.15680066680431073,-0.5422386259861054,-0.43785404228548436,-0.0031444535750512746,-0.11494113225609158,-0.025526586477366858,1.2092381173677598,-0.7610928981882216,-0.3080698440723126,-0.14111097821606283,0.24109508463289717,0.12641348796613075,0.1762202683858635,-0.017502489592181206,0.1435259003156209,-0.0714521256004328,0.15080188227736746,-0.02749154834814898,0.030106377794108134,0.05252223407910913,-0.09935601050531605,-0.006932277688354024,0.39458356370138997,-0.2638811087506766,-0.14869060381398677,0.5112164583679681,0.06108871090862035,-0.14352021491935166,0.021104975563127154,0.029703691413901015,6.046629356032622e-05,-0.0023919010345785116,-4.192337893684269,0.004695940396286972,0.4462271206826201,0.0278751057165258,-1.229318312089732,-0.3960994440708445,-0.20375402766132186,-0.05002780031611456,-0.0781841246099563,-0.015928858010316918,0.4060492745979765,-0.040515692463621036,-0.573888144091688,-1.625966148963471,-0.18753064808613204,-0.1336239102661846,-0.05013043359596901,-0.27264442633218466,0.6150847095111304,-0.10978965843407969,0.653094894470825,-0.20291964050835062,0.5227179805566411,0.06215859479087654,0.042197453009732516,0.02393051580431825,0.28479908310525565,-0.0285734223136395,-0.17871110750942668,0.20050447115583775,-0.0190418290547023,0.015942290010088338,-0.023478246118729895,-0.2027831110001794,-0.14404154027154656
-0.33704859833479384,1.4880668106893833,-0.03143822377523684,-0.14119522682206936,0.32286871922651983,0.2288505591088601,-0.3764232360252877,-0.14154390329507616,0.574851196748901,1.5396180350367572,0.10152507489897804,0.74367966383043,0.9275770355583968,0.5238715068839125,0.010232355544077502,0.1393120545191444,0.1301831257128238,0.26428999501446027,-0.12372241884107077,0.42376837779376886,0.03415377436993694,0.03389407924981096,-0.0795576379008036,-0.5603510287413225,0.0,-0.47004436103305897,-0.06296747372037577,-0.0692089014909605,-31.64069158587825,-0.034794758803602506,0.15626625514547876,-0.1433885592228588,-0.15954436767133598,-0.47043002724296495,-0.4397096794824256,-0.003135177787997681,-0.1444780707214829,-0.04033821165134113,-0.18124296875472118,-0.7297770477604719,-0.34053538200029176,-0.1552193535835038,-0.021013345741117503,0.10993949401255843,0.19472359046001148,-0.039204321747736574,-0.2829644852613404,-0.16222592793819252,0.08168379281113883,-0.021547596623451012,0.08868915352621726,0.05121771703188365,-0.18776671112142598,-0.011708380319744282,2.273853816687425,-0.10645815324920742,0.12806779998183573,0.7620180994359135,-0.22208796161153904,-0.13558527505017295,0.0834656522699496,-0.19172503835660348,6.548814956686079e-05,-0.0021785874786140204,-5.32810605899165,-0.012894317389556736,0.4912888895144809,0.03981335582862463,-1.1916524962838462,-0.4094883106040205,-0.19054786300723991,0.0366356504707951,-0.10164716159177893,-0.02003485884625876,0.5008016570852027,-0.049778756224505595,-0.6803211046045256,-0.9847640188276767,-0.11294237130979246,-0.06420972782211204,-0.03390928186504283,-0.39341693945858064,0.5894525629603651,-0.12787418536708228,0.6201328695194376,-0.24394212380954072,-0.04924861545493835,-0.21952071140292145,0.26335904880028443,0.0627128236643259,0.32948341130993464,-0.028911904778813325,-0.09444522540327004,0.18913239683747346,-0.003543944353171374,0.0008370057653153244,0.0029338541309284058,-0.23040896817887657,-0.06781551209199894
-0.29667469854158107,1.7832787284021785,0.5531467126434623,-0.02048305192456553,0.24202231057573026,0.07535628933558186,-0.3405500935542633,-0.15698047135120696,0.5323388397804057,0.8633764102221242,0.09604344196484428,0.5198694338082462,1.138545833790561,0.16331317592437217,0.052985123730895485,0.18452296378669314,0.12300073917427475,0.5175927675369193,-0.08030815409933224,0.07076240414348817,0.015029548724191672,-0.04326944736646524,0.0017959840575495249,-0.6586629649397268,0.0,-0.4484938746994301,-0.12149550872000145,1.140720886113865,-35.75142015766291,0.005017451068338445,0.030748835068133487,-0.10083754631831214,-0.15796623220784606,-0.31456155534009494,-0.42381327665965934,-0.003103577520156144,-0.11315321785183469,-0.023395808312671962,-0.6879736866187008,-0.745741180912372,-0.20930247275873254,0.19938981521441979,0.23203050756230623,0.10363918710964377,0.1825553773153462,-0.02276594332765771,1.4638729805389856,-0.07937764727963197,0.0027781309629937093,-0.03978784997943637,0.10481726836076635,0.060305987890363164,-0.07232439315404764,-0.010098854053489786,-0.14449315321527795,-0.31175115951540533,-0.7053495125892885,0.8568760384596849,-0.1369165750586779,-0.15943288538255956,0.13339692906635145,-0.15344215874624106,6.195846041110615e-05,-0.002389387308720958,-4.12634853864454,-0.011941347663819291,0.48086019848285705,0.03616971463994915,-0.18965210731941487,-0.5261552503468289,-0.21023042649402446,0.0045048062406966745,-0.10134418175046819,-0.009689289952487133,0.47957756956168257,-0.040001105220112305,-0.36194300965294557,-1.6381304118217297,-0.11418402000325356,-0.08327828819278868,-0.03933670877673726,-0.3092612587560686,0.7910929889545992,-0.03802777710954612,0.9587341652455578,0.6816431197214513,-0.04446291877136973,0.06645101475608511,0.14323313735061924,0.02094881874280423,0.36199365322723304,0.0007690475140327141,0.40115175320754176,0.17000378987683204,-0.011894003505151652,0.02358787365029216,-0.028520466577236694,-0.21046716967738024,-0.015194236344705214
-0.3083957184765576,0.519137669467598,0.67190031178482,-0.020568134752740184,0.30019212424365793,-0.4495626279992681,-0.15936794788597985,-0.13467537891950826,0.43267761839812524,-0.03785591985649602,0.24242945399253432,0.7632158650374473,1.1666126180027276,0.1446581768423515,0.06931152691571799,0.19199555410159355,0.16384343194136328,-0.10423929796494903,-0.07823487499937501,0.33516552844974895,0.060199472195757484,-0.029857637952722407,-0.004121812922522089,-0.5810321003239655,0.0,-0.4170896293816816,-0.09091655062301854,-0.08502091883308899,-33.13835381766381,0.04576056957712901,0.04400645757172245,-0.10415793853936096,-0.14891333211184318,-0.46227955929763415,-0.44391314276138266,-0.003146433212574471,-0.17825521710502537,-0.03984885661039003,-0.7386214295047001,-0.6673732605049442,-0.21510461216988996,-0.16055252065189807,-0.02735698844393836,0.09382168352800219,0.16654045293197275,-0.013300460935722633,5.062172092656945,-0.08001099775366581,0.03220609912570302,-0.053074496487473304,0.05161470439608704,0.0620022970129636,-0.05843481956417442,0.042321870774072116,-0.14148238578391317,-0.2774731883775519,-0.10851496982711004,0.41118809282654545,-0.017810929854627094,-0.15897062062609674,0.17167094711821085,-0.3341505248393801,2.0230810748935602e-05,-0.0024424524324557517,-4.627749783501369,0.0023856010540074827,0.45266745987835655,0.027287399741240358,-1.019593882404678,-0.4547158888676789,-0.28229762805074765,0.006730493682914658,-0.1008870560272689,-0.018922328767147906,0.48076508220654623,-0.03852672830994388,-0.6683285154234119,-0.24208401810132316,-0.18500847582297522,-0.09452544816176131,-0.0639792241939535,-0.20763579738350518,0.39646294313938824,-0.08251806273981249,0.7354473234218086,-0.20790912852026225,-0.05301193082978471,-0.242040878122753,-0.002455488148765577,0.03441778821108457,0.2754437629646407,-0.021465464899965328,0.48716740581413054,-0.0900798183859942,-0.019792639910111834,0.008210557121106472,-0.0052002377033626476,-0.20886383592643423,-0.06161483730542085
-0.2936671183905974,1.5328319816054485,0.010550346052690335,-0.01651163129080034,0.26246204753052893,-0.3050418993940731,-0.10033515365304618,-0.1496489920923013,0.5596272771878948,-0.11328256037030146,0.09106688413526007,0.7214046424154393,1.2111692280024011,0.1356911198367437,0.06594161512495494,0.26214001535267534,0.18664145951226221,-0.20536335380959794,-0.09498803085647682,0.33303441551955176,0.02736159148813084,-0.03553146013756412,-0.015024713574379159,-0.4986527161566355,0.0,-0.4339175032692502,-0.0989746240508405,1.0696036582307422,-35.14321591779026,-0.04509476534461983,0.042514677996768634,-0.03527725622378865,-0.14827303812077533,-0.4246996539652962,-0.42165106660345797,-0.0019063533698013427,-0.11644519957346734,-0.019033336626745702,-0.45139936307726447,-0.8392292106682528,-0.2896340283966194,-0.14811164409314864,0.0640227813634663,0.11130726205097494,0.13944386744772705,0.2691611030173143,4.822541992128517,-0.10403188480129984,0.0634190769553333,-0.02777965406457533,0.056940561856500906,0.06044484611624483,-0.09924996874180401,0.019087221269208844,-0.1781083499490569,-0.29735292691291176,-0.1192205383640836,0.8747008778946538,0.10099641803589134,-0.1458762590386145,0.087313248840521,0.14778274271851494,7.612485739272795e-05,-0.0023938827479537896,-4.701955560374687,-0.010854388094497727,0.4355636827631716,0.027298957107253323,-1.2055999348406443,-0.35067791925340713,-0.20141779475350874,0.026180998731554023,-0.1451708598462072,-0.014431103771023805,0.47352162537972575,-0.042134003786280065,-0.5368011147576166,-1.5121985252472199,-0.12186547112420262,-0.03702558448530925,-0.045866606578224875,-0.29961006521141675,0.7993990559798732,-0.10803308833791543,0.37887655080975813,-0.26633139141386764,-0.054798418870257715,-0.22295190105297363,0.06126463057072152,0.05087468049612616,0.3444500434777448,-0.011864955518053156,0.3330161959206491,0.19374993201795584,-0.024221992703178756,0.18819362225066896,0.0018402976054686308,-0.2536782345922438,-0.007773229329817638
-0.3544989863909795,-0.12680705288143812,-0.06385880252698409,-0.02873609755740711,0.015906768938438776,-0.1755398164426073,-0.2718216239448773,-0.1604336348325875,0.2744444017807041,1.5724929044471783,0.0878279579059767,0.44038624598375886,0.5932645897962356,0.5028984970473871,0.060809903489733426,0.2582530274069507,0.30041179785022787,0.7576699708261193,-0.12667075689711316,0.1165532127558362,0.029454238456397892,0.010921343400436162,-0.0005086719416701891,-0.5559889007878154,0.0,-0.42928353457901774,-0.06887803957593731,1.0113633924628513,-29.96095647881639,-0.07217586437898955,0.041445299901412644,-0.07661260299853428,-0.07226761126416455,-0.5215797014244795,-0.4431778428333816,-0.003024558919640083,-0.11589045151844335,-0.023742590471418273,-0.1168434613483261,-0.7840138278133725,-0.3004558651988721,0.025070177858137272,-0.08941626099874264,0.11799376101939835,0.045257063490896095,0.2809103794135596,-0.19953923777575036,0.05893953045476582,0.13258431037258703,-0.04666692541389357,0.0743812132942281,0.054898895748490405,-0.18453332661840405,0.010885136016656501,0.3907764636914177,-0.2877629857989846,0.12233338034944428,0.5021063528265197,-0.02018874223584527,-0.11603365116066705,0.025873811909990913,0.26123191432810794,7.06139489565215e-05,-0.0020965858705456575,-4.557149557785341,-0.005990183340317449,0.49907347765327975,0.04477134398415445,-1.0097894788966069,-0.411569168206712,-0.20702956634450725,0.08586159061658155,-0.12629550713077686,-0.017922141063099112,0.45920339340671945,-0.03788012273953046,-0.66779993722829,-1.4553539399959783,-0.1699616325858717,-0.06678721478118597,-0.04726315894246225,0.134822615251151,0.5501661396148959,-0.1309033915792045,0.7630697354223358,-0.22161704130216214,-0.10675082899538697,0.07458986324251904,0.3225162345584204,0.05234401997136417,0.2935036730099442,-0.017530213261999862,-0.29053318669786304,0.14629077218130604,-0.041561071299143354,0.010103909254083061,-0.007080841778884043,-0.2157075497015637,-0.10824389328865994
-0.2991360509074668,-0.08298418520196957,-0.0012752211461100693,-0.07320702059259729,0.06403967823873634,0.03843730439661564,-0.3722414305211851,-0.10461261078846038,0.36798149188106816,0.818249398324112,0.2023645561374458,0.4556009765267642,0.5060113008549074,0.16509174393981396,0.06633396405617792,0.15133222777115352,0.13473438402675514,0.5883093359379309,-0.1352229399809894,0.11849834979017963,0.06575413738670409,-0.022207743996871695,0.1898346386860147,-0.4794997127321875,0.0,-0.4160245031720198,-0.0612920634656109,1.207489371667125,-29.315421724473772,0.049132890663062444,0.04066201677440585,-0.06159776751265282,-0.1557690843259179,-0.4120178604585698,-0.5044927780143768,-0.0031276700570193627,-0.11587844357115246,-0.02248109643230517,-0.5162050211076493,-0.8071757384640839,-0.34731192689450946,0.06137132212043558,0.24651796319200409,0.09804492587932757,0.13078788147485174,-0.042446699641242466,-0.31358284987016904,-0.1109838951524993,-0.03406329524852004,-0.04233749684239532,0.0708197161395786,0.07490882283677601,0.028465056728170818,0.03635539152273903,-0.18934160488581514,-0.27704935597913616,-0.7069951105373188,0.5674656262370322,0.045140972492976106,-0.1126340626826208,0.1430784466360174,-0.14658416202284086,5.847208123187407e-05,-0.0023299735025659,-4.163865734839986,-0.0064218023727435755,0.5195152209487874,0.04122088476166081,-0.23160671978143124,-0.39965152943261334,-0.20425015959765427,0.03432666627730237,-0.12029272407631052,-0.0022820254208833525,0.47559154833510997,-0.03622287263056519,-0.375397027115005,-1.547042557206012,-0.18132297896477512,-0.09672095390041999,-0.043282931551555034,-0.32167167853257056,0.5836265818086924,-0.12304831773916945,0.5142089631633621,0.9748146875492787,-0.07746781635094682,0.08564969425410361,0.14678825076975127,0.10128061823322752,0.3331304298893886,-0.027553670498281328,0.4821573675617967,-0.1262555634870744,0.0003733472388907737,0.01108575294319903,0.027607968014104176,-0.2041631584695351,-0.06587651478181629
-0.3117045390597385,-0.14088698514660308,-0.04224971529673801,-0.05632372726800624,0.1150626884114861,-0.17232841223915035,-0.231699540682365,-0.14117463063798588,0.3543606593366723,-0.032006953524890774,0.10233813627149964,0.46009038536626984,0.7381219133526336,0.13493736415015084,-0.030771023867142654,0.1482540497163385,0.20249764789105393,-0.12751336295853336,-0.1418255815879181,0.096046588330034,0.03786344605151539,-0.01677244973451391,-0.0014430861685975182,-0.6587313296681605,0.0,-0.42936858182548837,-0.07970812277285753,0.40502096712290225,-28.423177626919774,0.011519003111847776,0.04284066925193757,-0.15064248150366194,-0.1443052681460812,-0.5190547593928754,-0.4365768401375074,-0.0020267976853962826,-0.12149956188803868,-0.034839847802469896,-0.07371675290700863,-0.8650946756873039,-0.3453620270423808,0.05259312823189608,-0.02508871848356852,0.09751700961030606,0.14942566915966668,-0.041945809011071394,1.208381322737135,-0.06738247265271735,-0.03434455973176637,-0.034981391069074524,0.06002957768002908,0.059601448186352345,-0.11377548426695724,0.004279285541224247,0.41632872946771665,-0.29323573075377574,-0.15999267101002068,0.42809312550338313,-0.03998348416604568,-0.09634957269147079,0.09281141110371977,-0.30271672663804705,5.269973631293833e-05,-0.002078713810343386,-3.38084243300816,-0.011429841432239504,0.472322747528039,0.027636470854202753,-0.48294680859779593,-0.29886519404967116,-0.2049505053405779,0.03617054712387827,-0.12958741201306206,-0.014292320480233411,0.45097828129748807,-0.0442997717162873,-0.4636649067516311,-1.6025693650212247,-0.1805641430816564,-0.0357722981988573,-0.0688762352980661,-0.28767144300104897,0.7868341023043236,-0.021334973966120066,0.6002307211121599,-0.23708087815954962,-0.05508688307527018,0.05353892717224117,0.058622275627698554,0.09860115575342314,0.3175312631511045,-0.008011443972536659,-0.06443917030506735,-0.1067140137792217,-0.0031255215372976383,0.010586168326315348,0.02888823012254516,-0.17828918550143102,0.1149506544675033
-0.33715142939556375,0.12775599516382963,0.47598280182082703,-0.0993894218444157,0.2283702378657985,-0.14643786941594888,1.122742081611054,-0.1651653602371786,0.3757819915529832,-0.08395634403248908,0.20290104931215724,0.9687400920994472,0.8502343438023988,0.13668458437323022,0.07691082913138808,0.10879434064602028,0.1768588711436919,-0.14745879456851213,-0.11046049337190897,0.12333961021175953,0.020617046965449477,-0.011299221150340122,0.28651822193145843,-0.6173082995839589,0.0,-0.33468399259732745,-0.1211842429841516,-0.03863355327031625,-30.99763255076509,-0.006448225988904886,0.040422377160303995,-0.14981045381771618,-0.12594656908214863,-0.4226350704814277,-0.524028010929967,-0.001948156185968419,-0.12295288769783605,-0.034781604513660046,-0.6804194844630171,-0.7626560640360044,-0.35488594858618244,-0.12356622101909542,-0.04473802883227323,0.10056813017700354,0.12876396506933463,-0.04129385338591611,-0.11682294893414236,-0.14386298945707965,0.06458911312556295,-0.041875238884029255,0.061846313253204534,0.07110678180674737,-0.13107152769847816,0.03813546950435683,-0.14424496331589462,-0.2803584824665613,-0.11098979838308522,0.7190386774536471,0.005733699389882207,-0.15838581631582163,0.13348395102594776,-0.21521482326583397,7.603067169908779e-05,-0.0023987582058809316,-3.2992421845086053,-0.007420148099896125,0.44911027893762906,0.0257994404729543,-0.6065889608839724,-0.37596500041082725,-0.2138155642613536,0.04695422981737908,-0.09870730563333807,-0.010174904897852789,0.40979431676059597,-0.027911679679098723,-0.34105404847562426,-1.8434552939455533,-0.16533666029285055,-0.13652695657978772,-0.06056243929044211,-0.3544654794713464,0.6200920245458251,-0.08604872627740981,0.9306838783505506,0.7564498251981095,-0.06893033859373505,0.07509989935372945,0.03611465001566095,0.07551594187802341,0.3575535074081019,-0.016723358676835606,0.38218518514912186,0.15993701053270382,-0.011251890462615904,0.009662858723551047,-0.023869995413334708,-0.19916350272719585,0.16677766855326248
-0.3303266111277334,1.6983241634337367,0.014350164648487047,-0.02159921221018708,0.10915077474629674,-0.05691072438831272,-0.10001528656898695,-0.17000667864675134,0.4418919465556091,-0.03084641715909678,0.1930709659677226,0.505518281637122,1.137298819426868,0.13496374454727533,0.09069324510352915,0.18122678591307212,0.1885618863507363,-0.13364552480499364,0.005401135738585377,0.06337755403595977,0.0003938868362329236,-0.019324068290320587,0.256343124023865,-0.47019554036133165,0.0,-0.44598126660547965,-0.06559332335009743,0.9866262104931581,-34.86096834891148,-0.029345879357335816,0.039771701483305624,-0.1085780640854807,-0.14160728700426473,-0.42633343413980745,-0.5242056395816975,-0.0031838500622063262,-0.11528723547493051,-0.026091246297843908,-0.635501005424427,-0.8278978747746728,-0.3449679156154205,-0.02047776747981748,0.025174165137927782,0.10440584984547749,0.0951249414307597,-0.040922987578300575,4.800735452983347,-0.07200627682666695,-0.021285652860408753,-0.025319315111583248,0.09882887767418516,0.07682253712218044,0.005985160098671505,0.06571819565682586,-0.11050837897383776,-0.27527877226731134,-0.13496105188076837,0.7088374924898896,0.4643603538347312,-0.14171531259855746,0.10260094184251241,-0.19815853664690625,7.677187379986523e-05,-0.0024193414832361193,-4.500772648152748,-0.010794418973512849,0.4570642640235899,0.027723896028874907,-0.7675488642414016,-0.3538807546271183,-0.20215709528298859,-0.024492167565811074,-0.12961581494721197,-0.005140531864651623,0.46359420326114964,-0.02132919294025183,-0.5497726483378138,-1.8096754019775114,-0.1125525850842487,-0.08639536256646269,-0.05914296148179739,-0.30959151167057575,0.8857030155273325,-0.04265281555414688,0.5180304039242425,-0.23696988926414117,-0.04304234751776952,0.06233437909099048,0.026739093072104623,0.09186438131963102,0.3407625474247619,-0.12013114220905702,0.36024457991028536,-0.049551406562247685,-0.007669247150402704,0.006843737913036716,0.004571529462008728,-0.22311093524694553,0.07066728852165118
-0.28289939282171334,-0.10769984069253798,-0.08027907853543705,2.5634471382118256,0.22291180462853577,-0.19985650206044078,-0.32720943604984726,3.360188443866982,0.28239824550365944,0.9286401085902508,0.10049404768877503,1.1261962510201167,1.1683529367025036,0.1383672977305189,0.17310487096361155,1.9225306621476028,0.11594654840640209,0.515482696280074,-0.10837119755420366,0.2321855037329082,0.02980860796642154,-0.05332503774830435,-0.0917748504409669,-0.5983700391164443,0.0,-0.7061671221164667,-0.14002245330761404,-0.05391917905519181,-37.76317988531203,-0.05684896597224001,0.036716757671872366,-0.20519185339405313,-0.0866723991011178,-0.46351084663829195,-0.5525012927617626,-0.003193348544145915,-0.12202981397673854,-0.02528367642852098,0.7523741788300827,-0.730394357953819,-0.3244104503258701,-0.14457929114305698,-0.018853754052643758,0.19423538711505578,0.09077964013110452,-0.015554966591334487,1.183729105632108,-0.13441271710766078,0.1186977675862191,-0.01935671985104293,0.1067460553804145,0.06008219880019809,-0.05105659727424745,0.00043903695287714965,-0.18139786671632888,-0.2786513155477403,-0.6549835026631283,0.41981285784523226,-0.042564622324092215,-0.15685173417051965,-0.09106398744512133,-0.17062266181777994,6.068339350155819e-05,-0.0025845431899457,-2.9444012268114963,-0.006875530942819164,0.42078654806013915,0.034984626006600565,-1.2385568063705588,-0.33799367096920435,-0.14262829330951068,-0.0020857781536938397,-0.1174623767689079,-0.02855036641021329,0.1099493699623678,-0.037236086470394066,-0.5263976791587122,-1.6827599129157351,-0.1681524941250962,-0.24391800584008766,-0.066767167750995,-0.27227502692576816,0.8662395320483983,-0.16381268749469952,0.5084768453923243,-0.2510957296428799,-0.03344878022548391,-0.20534155893578226,0.16940802538940733,0.0027845805969286936,0.3694854709263682,-0.0073905034657164165,-0.21683108308600507,0.2981756545170131,-0.09618445287457965,0.019560014612891946,-0.00666571077813807,-0.14246406791946067,0.019000121450228846
-0.3011963563692496,-0.11716399826539392,-0.025001865873857526,-0.05304082901271861,0.23820127747503042,-0.21937024873335578,1.2642341532342158,-0.16350238257877453,0.2980090183074403,0.9184035571768053,0.08825680290771568,1.008893528091884,1.0358857016261864,0.1601918148157222,0.03604640477185641,0.21674489798732882,0.12851319788492277,0.7903073483461311,-0.0920146288446281,0.2955972582841091,0.017711521400644283,-0.04132294244247114,-0.015522403422930814,-0.5164864275391541,0.0,-0.34322887551431736,-0.10828027837420537,-0.05731274266074261,-34.49833738388356,0.01821096936905797,0.03720905529001222,-0.07549907002413474,-0.16439983158849072,-0.40246627136967467,-0.4413632323048072,-0.003183803266597065,-0.12152242686555755,-0.022944210154508246,-0.12725490165483883,-0.7599103585178656,-0.32852469395965017,-0.14557145431774107,-0.0794474482568806,0.11144544299906992,0.10622144133193671,-0.02386892247953597,1.179278139240361,-0.2111307409611412,0.07289228423132646,-0.0014294830820758262,0.04884531366036059,0.054631808201347186,-0.059432129006818935,0.009153953054913263,0.44141830926868847,-0.2890486763411796,-0.6586410350631375,0.7697824362184581,0.0022170640862312504,-0.12505447506695186,0.040598911315364763,0.2366616341734378,5.611210145998111e-05,-0.0024717418460584637,-3.023666858689022,-0.007703198388952667,0.43482721489247383,0.03571616657385349,-0.859235445087878,-0.3348919676770164,-0.2125125450160453,-0.1363490141792599,-0.1288936291548903,0.0016413887170496236,0.40385071684772256,-0.049213025214160724,-0.3790313357361038,-1.8132954323372794,-0.17630895405899,-0.08466420498148407,-0.06169979749509753,-0.2829164965425144,0.7682775884822072,-0.1091810226097865,0.5326758994224299,1.0513283531883655,-0.06395189995955952,-0.0953800034600906,0.17449295377585816,0.027231960840927816,0.34066418493823986,-0.017619721013300713,-0.4233460527909672,0.3726474835985931,-0.0389106876836258,0.1971405474067152,-0.010532230825753977,-0.2369171027037914,-0.0068092722543457015
-0.2950451182822594,-0.08141307334881794,-0.08599970150748967,-0.0762468157244234,0.21250861078164984,0.06160141368680544,1.4089274410702637,-0.16271723110130296,0.43670036922302136,1.060479331577972,0.20029191962530402,0.9543101870969742,1.0455355132634034,0.49014928586586926,0.07397214390981852,0.4022565677682976,0.09284268717205517,0.6800542894183957,-0.09107220890202918,0.4501982553787242,0.050794729430122094,0.006912995878554953,-0.07482401570707735,-0.5630685647931902,0.0,-0.3389020310282754,-0.034330790162359494,0.027932766563040112,-39.256603255049654,-4.71819645913341e-05,0.1568237859292687,-0.28479947213018625,-0.0780883340597591,-0.47772403585375917,-0.4329617583029927,-0.0030666599730389756,-0.12179425317387654,-0.026208223124361316,0.7742930717485697,-0.7931334741457319,-0.310272409833005,-0.14350797545152016,-0.04746390218063195,0.10512504212593543,0.17600897637291385,-0.02772094101549528,5.044962114575404,-0.23519841407378533,0.03650102951080148,-0.05397474839335396,0.09301633155434574,0.05967933574707749,0.025962892339656797,0.02268725441096444,-0.14508535143798199,-0.2753513262692891,-0.541870467024624,0.7439618072309181,0.1519568430209063,-0.0611847196608766,0.08819355198802417,-0.053787088371969625,5.980701010470234e-05,-0.002357332182283538,-3.342856587031858,-0.011350526458096219,0.45351654088549737,0.03558156742249453,-0.7968561090008829,-0.32595537544942116,-0.21449442481167347,0.03869773733243195,-0.10801723289376819,-0.018749071563850184,0.4521538452381325,-0.04042799423321515,-0.6234572055067598,-1.7612781147092962,-0.17670372226657785,-0.049825729207885305,-0.0505026018881088,0.9281576367533524,0.6797084058584731,-0.10935445730890299,0.4048920306639132,-0.21405249815927374,-0.09579555081771685,0.01869734378742771,0.1700798146469697,0.0844456423705555,0.3051396543834355,-0.001864746925499363,-0.16896720017411176,0.09948991702886843,-0.011180249135594119,0.01359144252552131,-0.005462431377639467,-0.2041461014410004,-0.07416735311980213
-0.3371870023298159,0.163333265390187,-0.07967493536262796,-0.1910073595051843,-0.008672244205480946,-0.061875082293457756,-0.3712959745494377,-0.16605162104650634,0.24092397191698303,0.895026219673356,0.0918084850384522,0.4500895815048076,0.5742613255673494,0.5420664962572141,0.021529188896047033,0.06510405833819209,0.21246930181564674,0.5126509972758858,-0.12106690040216075,0.07815633450949003,0.010958757178632593,-0.015942190761940457,-0.05229756576231379,-0.6427463325984736,0.0,-0.3857987316973939,-0.03217055984153175,-0.0989281502189715,-29.556273353505055,-0.12018394168206238,0.03925347622053219,-0.19314193175587385,-0.16282035094826444,-0.4722567193991584,-0.5554972044647782,-0.0015817547473754331,-0.12232085363814399,-0.010821929518280277,0.8940681644101437,-0.7067878556846516,-0.08861553109149181,0.05493764843479301,-0.012917112116129422,0.09648910265548542,0.13286041315134128,-0.023245063896529878,-0.22157428971606585,-0.11921412477260257,0.014095074174193579,-0.020714886535123565,0.06606000064033907,0.050699615726731914,-0.08020799092192456,-0.00020412222079801978,0.20561856537694867,-0.27063984350944803,-0.7146119888646876,0.5065118815781331,-0.14080740143355652,-0.16109959081087388,0.11389463448728096,0.10879074892103167,8.102869817573441e-05,-0.0022231561673887418,-3.170759433424969,-0.011119839436817951,0.4967532106532778,0.032152371086692895,-0.28667894651076886,-0.4702363541076893,-0.1929611747856288,0.008190781756454064,-0.13032500273840192,-0.0055802573517798595,0.2565408796322968,-0.012505654334807971,-0.5203580294918061,-1.8689164469513455,-0.1823008250621731,-0.15776028019279859,-0.05606235502790935,-0.28026575411807897,0.5991454248678022,0.047513911999825395,0.5572364710905889,1.0820692649620083,-0.04168035582066534,0.07317291071277628,0.17934103605918825,0.05423497078869827,0.33438153814906674,-0.014792529387525547,-0.22819875438607268,-0.11501563963751614,-0.0023033996599831487,0.014757170865703016,0.00946342520150255,-0.22793706335644232,-0.05663932532053232
-0.09081381982553158,1.6820250401597934,0.6788641880370052,-0.07571926825314129,0.21381084278525775,-0.23645112498173768,-0.1807392083669707,-0.14427220828259443,0.4762959833181898,-0.027386357282033844,0.11812700744788011,0.4664676082790447,1.0615635746532512,0.13859880562748889,-0.0440123032393476,0.14236023925994684,0.1837688290954983,-0.12988525973283468,-0.1576441578150842,0.07141957454385564,0.03495785190318784,-0.017557014042066527,-0.08039981678390429,-0.5304106416220079,0.0,-0.417703283328384,-0.08483580062472806,1.0205079889272712,-32.11523202408308,0.06582954903242617,0.044624607976069174,-0.26809995811049137,-0.16207664749398326,-0.4379734229541265,-0.43516856162774736,-0.001889098117885196,-0.11274399936388463,-0.021300783304639127,0.8072885232628885,-0.8719851320005141,-0.33454122583782153,0.06792412161261453,-0.05391644501690731,0.09779406667705474,0.10251423915708986,-0.024702169331671207,1.5139785943656,-0.06679222576967814,-0.04859291248965664,-0.024692098947132562,0.06895030155307914,0.06626272682656022,-0.00017347466961548747,0.02858251413603008,-0.15721349186511138,-0.2777735601803383,-0.14256489634093233,0.6972427382189857,-0.03791430004059981,-0.05065564647635719,0.2034674144412399,-0.11439951565629526,7.587343237079884e-05,-0.0021934547989417284,-4.087740414304391,-0.011191549221111234,0.4768804657577837,0.02830254259393595,-0.8285127873656104,-0.4315494904798063,-0.20081367617956822,0.031348964863666645,-0.10952309918900006,0.02169453979341437,0.42352404265391563,-0.036647934430488575,-0.5207662862147022,-1.670711765923512,-0.1349330659762815,-0.062299404614943786,-0.06893441667474111,-0.26777765648933155,0.5023231038486753,-0.1303634402276485,0.7030035441569832,-0.17271082629399528,-0.04735420928994254,-0.07378519163544016,0.052965809913772637,0.09324138103777202,0.318418783212752,-0.012671592788181245,-0.018739223086598568,-0.06489788087219506,0.020502291960180767,0.0208436927911242,0.01169262873283273,-0.17536047707941302,-0.01237371533736563
-0.13909029758423808,-0.0850219340681268,0.13118868109510326,-0.03461400308867782,0.14800152267785596,-0.1977631821854591,-0.11785388268921386,-0.11757192746833517,0.5930086074677287,-0.030392100153297387,0.21264405874118927,0.4378790171940811,0.8106681547508291,0.14285784036295487,0.04984974790555696,0.14251034966218418,0.19244210434137107,-0.0952291902503624,-0.09452933818780354,0.11959740529707337,0.029499379653774728,-0.06471474270040245,-0.0778741586758839,-0.5324805939293075,0.0,-0.41898103697624833,-0.11107546795952908,0.9157368758074583,-35.27392675717728,-0.09901835619474635,0.034786204285546615,-0.14269224937020433,-0.14827313546117016,-0.44734827914442704,-0.44267695953298764,-0.00204950655303067,-0.12137384069068345,-0.03944662244614122,0.87419760098963,-0.8879122062798651,-0.2969456713769551,-0.13669984202769395,-0.024798679471182514,0.09711399541275159,0.1717867290869525,-0.02882047591186323,5.085706004632997,-0.10909148547732916,0.009308821648002508,-0.025459457817249988,0.06170776807050223,0.03983606081362587,-0.01104392547791245,-0.010381496322711388,-0.15256388939986568,-0.2706945718504838,-0.1474564312407759,0.8647301993122859,0.13640003001015563,-0.11193339810502022,-0.12070163444739533,0.29607031423493496,7.35659707564663e-05,-0.002652298516164641,-3.5479291925549767,-0.007807839426335834,0.41342506724966,0.029287527202187698,-0.8732716478716414,-0.3988905977085161,-0.20372780955492467,0.0394393291815261,-0.11371564032320824,-0.02052659709523574,0.4268119297704871,-0.037964504661415294,-0.5693689060291547,-1.7635983529547972,-0.13085554967748417,-0.06480447540512707,-0.04594607035107291,-0.2991554538938301,0.559090996874749,-0.11404311193699863,0.4338565859647111,-0.23609448298577457,-0.04027061997312617,-0.09530215278437083,0.05586056957025306,0.03809170399150571,0.26854168899371456,0.6058481565382481,0.027874247311931652,0.11378261756159277,-0.2482795444462449,0.0043936785743959065,-0.018635530086568625,-0.2306100154871877,0.20349311810713042
