cm_angle.dist_ctr2best.mean,cm_angle.dist_ctr2worst.mean,cm_angle.angle.mean,cm_angle.costs_runtime,cm_grad.mean,cm_grad.costs_runtime,disp.ratio_mean_02,disp.ratio_mean_05,disp.ratio_mean_10,disp.ratio_mean_25,disp.ratio_median_02,disp.ratio_median_05,disp.ratio_median_10,disp.ratio_median_25,disp.diff_mean_02,disp.diff_mean_05,disp.diff_mean_10,disp.diff_mean_25,disp.diff_median_02,disp.diff_median_05,disp.diff_median_10,disp.diff_median_25,disp.costs_runtime,ela_conv.conv_prob,ela_conv.lin_prob,ela_conv.lin_dev.orig,ela_conv.lin_dev.abs,ela_conv.costs_runtime,ela_curv.grad_norm.min,ela_curv.grad_norm.lq,ela_curv.grad_norm.mean,ela_curv.grad_norm.med,ela_curv.grad_norm.uq,ela_curv.grad_norm.max,ela_curv.grad_norm.sd,ela_curv.grad_scale.nas,ela_curv.hessian_cond.nas,ela_curv.costs_fun_evals,ela_curv.costs_runtime,ela_distr.skewness,ela_distr.kurtosis,ela_distr.number_of_peaks,ela_distr.costs_runtime,ela_level.mmce_lda_10,ela_level.mmce_qda_10,ela_level.mmce_mda_10,ela_level.lda_qda_10,ela_level.lda_mda_10,ela_level.qda_mda_10,ela_level.mmce_lda_25,ela_level.mmce_qda_25,ela_level.mmce_mda_25,ela_level.lda_qda_25,ela_level.lda_mda_25,ela_level.qda_mda_25,ela_level.mmce_lda_50,ela_level.mmce_qda_50,ela_level.mmce_mda_50,ela_level.lda_qda_50,ela_level.lda_mda_50,ela_level.qda_mda_50,ela_level.costs_runtime,ela_local.n_loc_opt.abs,ela_local.n_loc_opt.rel,ela_local.best2mean_contr.orig,ela_local.basin_sizes.avg_best,ela_local.basin_sizes.avg_non_best,ela_local.basin_sizes.avg_worst,ela_local.fun_evals.min,ela_local.fun_evals.lq,ela_local.fun_evals.mean,ela_local.fun_evals.median,ela_local.fun_evals.uq,ela_local.fun_evals.max,ela_local.fun_evals.sd,ela_local.costs_fun_evals,ela_local.costs_runtime,ela_meta.lin_simple.adj_r2,ela_meta.lin_simple.intercept,ela_meta.lin_simple.coef.min,ela_meta.lin_simple.coef.max,ela_meta.lin_simple.coef.max_by_min,ela_meta.lin_w_interact.adj_r2,ela_meta.quad_simple.adj_r2,ela_meta.quad_simple.cond,ela_meta.quad_w_interact.adj_r2,ela_meta.costs_runtime,ic.h.max,ic.eps.s,ic.eps.max,ic.eps.ratio,ic.m0,ic.costs_runtime,nbc.nn_nb.sd_ratio,nbc.nn_nb.mean_ratio,nbc.nn_nb.cor,nbc.dist_ratio.coeff_var,nbc.nb_fitness.cor,nbc.costs_runtime
0.0030457989758812328,-0.039823551999234805,0.022138057085956682,0.0009124447622863034,0.011268678249817171,-0.033651082654135925,0.12557547047324738,-0.06460522054695886,0.11125211598096241,-0.0017067002657861,0.0768872760044054,0.8640084613915547,-0.05869372995598238,-0.0010418507403845677,0.4051645908981824,-0.01125659627785787,0.0030044394908779236,-0.010491138594397735,0.006442615376432004,0.7902867461272796,-0.01943057052833351,-0.04790464139789188,-0.00214144440877493,-4.4960630751326995,0.0,-1.695869734375174e-05,0.0022452014494556667,0.07666155927327609,0.22112857263317878,0.29747704450400814,-0.00022139356605911238,-0.0001248938266408099,0.015795370776260642,-0.016584433019007916,0.00048514510387459163,-1.7339725420366122e-05,-0.5262946221324899,-0.17944411610098457,-0.7473457630246819,1.7611429012619106,0.09751528335707738,-0.010869446489427677,-0.00512125453374453,-0.2012552509829383,0.0011859868367059753,0.02248724450405865,-0.0017582487854452458,0.011987031527223083,0.005876983737079392,-0.02742706082322465,-0.06941896744953435,0.050112495104955454,-0.0028102161769938015,0.03330831246147931,0.01386653127013529,-0.0051612742082272085,-0.013175840714761371,-0.0005065492839073577,-0.004851196407101071,-0.051933468136020684,-0.0038863027066859085,-0.1124304263607055,-0.00033328069071298055,-0.0008150807248196198,-0.8936841491575418,-6.554170380894437e-05,0.0003697891509937676,-0.013119212900840897,-0.05764089764951139,-0.05630864230674862,-0.35581496547896346,0.010722606152080994,0.02101500272526366,0.09465934794790881,-4.843117795205367e-05,-0.5960788007247467,-2.546403382687173,-0.002689067200846791,0.001151860971878222,2.1011267781107847e-05,0.0007991516114226078,-0.0048651063950389695,0.025551839535692955,0.020071373673368385,-0.04271267884346028,-0.12538041377379391,-0.0025710356960666047,0.004667690447441806,0.5421993857354952,-0.016852253453010124,0.08843197705742861,-0.05862851407844199,-0.002167374437788168,0.05145073455394078,0.06694296785845215,0.03560059404095687,0.0899421334869453,-0.05442632696666792,0.004564334670878646
-0.015308547995467747,-0.03940883240451404,-0.04447873717889264,0.004342415232761468,0.001683158969296692,-0.03862415034847111,0.11826340312879255,-0.10804596687396313,0.11258249447858239,0.019378429553928204,0.11597294411782241,0.836522536535756,0.16018250569285292,0.0411492739049135,0.3640231876049473,-0.006324276021837546,0.013330490779329015,0.028563369588208952,0.004869336549221549,0.8066422198762407,-0.014336110578144342,0.8349906531124262,-0.0045838273893160034,-4.550588005431781,0.0,-9.135605037952166e-05,0.002186730386372463,0.07561438055483762,0.2505289317871851,0.3525112797267498,-0.00018745174392080958,0.0004137553479567257,0.015650983184840282,-0.016584552873928092,0.0003939627241676287,-1.7339725420366122e-05,-0.5590332022610156,-0.14739299044883952,-0.7349129495847458,1.8355049096252987,0.08466404003879646,-0.018906324035657836,0.0054094087972628635,-0.21927789878014609,-0.003436439771638625,-0.024155271377434808,0.010741673532971455,-0.00510933979139127,0.0030154365713847284,-0.04221434596642932,-0.08001903237107683,0.045511882225960136,0.00018752437859018107,-0.026080551436338317,0.02244128546634581,-0.002406077903213038,0.0045548247895183455,0.000463048747116107,-0.002677599484500348,-0.04498572980486675,-0.05542641383413917,-0.10996307774874683,-0.0003028447319902133,-0.0008660124171559895,-1.024644957448737,-2.9449606121309812e-05,-0.0003680844155221506,-0.02147816770269438,-0.01341758675866457,0.12416567168178305,-0.36098044130223345,0.0001694714720187668,0.0556494208936506,0.08044017224080928,0.0028795440876134243,-1.4703766916124668,-2.7878183309431357,0.007812714357841807,0.0012387010204349407,3.0349153624194795e-06,0.0009233387231649033,-0.02118952577843867,0.11979738952345585,0.0341848603652684,-0.06810975593797407,-0.10415668933413942,0.021371042801332545,0.012172014434164399,0.5095095101349377,-0.017059716532817525,0.08340579960327775,-0.04651092128628108,0.00677318707925348,0.056011328169653186,0.06645064121640218,0.030158450617110845,0.09128168119685089,-0.05844283364846843,-0.0068448074120878045
-0.0012659650994005676,-0.12054067318378027,0.057410053931707186,-0.003452828620088992,0.008702560885227719,-0.19124724443151386,-0.02587565955011633,-0.14129156427147418,0.04065200150817876,-0.0010780208861842224,-0.06994273146462662,0.014932739908327768,-0.09103123169857394,-0.001752710716823831,-0.029780221365275708,-0.033766903134682925,-0.027792583987378546,-0.014543123459088514,0.01106730897014959,0.05856401700761988,-0.018283728251415346,-0.03665646746152959,0.008252143759998679,-4.013050963086508,0.0,-2.269044784364755e-05,0.0026001667186949665,0.03525811407000619,0.1484652900984737,0.3413527361467133,-5.701771721298993e-05,-0.00018301479697186552,0.028535702610974375,-0.016584575859144066,0.0004543719065227945,-5.564065679027744e-05,-0.3683983190680597,-0.1790478881598365,-0.9345440458581236,1.7080103893578582,0.04192776788386734,-0.004564250094856045,-0.005344622944570252,-0.8371512414229153,-0.00035564122810358427,0.012512068536372574,-0.0009523108871952648,-0.021509995341074437,0.0226186461281753,-0.03308954721131377,-0.08072266737180096,0.04996544949069236,-0.016858563775269425,-0.7781773416016187,-0.02342665561601966,-0.018174085649015986,-0.01171404213300719,-0.017950242250372034,-0.011322363844670011,-0.08231817487172002,0.006540609614321214,-0.10896810574020249,-0.00014233946525918172,-0.0003937912724317492,3.5047846994852376,-3.973137893502699e-05,9.972133591741207e-05,-0.010686270034343843,-0.01592253243256207,-1.662081588127375,0.20727080998443603,-0.02801013944138861,0.009364244449362711,0.19288705285565932,-0.11873016471515073,-0.9749164692421588,-2.0212392039666116,0.016158038767412033,0.005247102672762035,0.00030287034568527615,0.0007224686951860404,-0.09063649138372823,0.04517438775049228,-0.025089192658026293,-0.112746460462587,-0.1329431859088765,-0.01613526464365739,-0.038320194793968296,0.5115371603474219,0.0427576042103053,0.10842833082738111,1.0448845737694683,0.009872158410789691,0.036674180459669754,0.050174434604188675,0.032022052272491025,0.08671916811458048,-0.08312397646115258,-0.023015915830833674
0.00016116395190686524,-0.04028910365111279,-0.031602398991484315,0.0072087697770504945,-0.00034087595684281335,-0.04685132513623187,0.42413298075589057,-0.02909635306303561,0.15137444377136652,0.0200057561125407,-0.02524556711820115,0.8307724996191302,0.2508993033216532,0.0378585821516691,-0.06080782362776648,-0.015102823572868906,0.0037618149505651887,0.058508771252840666,0.004379847032051161,0.7915706083975679,-0.01495382441613551,0.8413842414896575,0.008318008506042657,-4.52527555857073,0.0,-3.8664072618976677e-05,0.002225802677970618,0.07619690938695106,0.22757381519900002,0.29789523353785885,-0.0007452099686423315,0.0001415038848945073,0.05131242109614531,-0.016584543662793806,0.000393473504714098,4.6097659023406365e-06,-0.5584289856640545,-0.177420216554709,-0.8270408331576335,1.742245920020908,0.0015302821722971574,-0.018182321553800868,0.0008700824579919896,-0.16591501326410035,-0.0020355853114767935,0.03835580460649492,-0.005789414571936165,-0.011710336782313816,-0.0290729100341177,-0.02529212503157366,-0.0533897269536876,0.08257180451770034,0.009100818406949094,-0.031818660675209914,0.010505665710599913,-0.00462202874209893,-0.012092305007729055,0.0013184564199297992,-0.019531219743376942,-0.051234096930271575,0.035053250290744624,-0.10283360292250837,-0.0003532892341521011,-0.0008896505731676356,-0.8757241367444124,-5.922675805930442e-05,0.0005544993097018767,-0.020674878565061564,-0.0069015102170976485,-0.7645663537183474,0.1885932460755784,-0.034585808524285104,0.02086795377634042,0.05641593479174252,0.05829434560822432,-1.4398154845752353,-2.754398625828536,0.025841167901762174,0.0012481463055529932,3.5954900609457556e-05,0.0007935211437008737,-0.053194805618406754,-0.02186498850289472,0.005012746962048293,1.021369942817213,-0.9862118610366957,-0.02680245773720769,-0.023061611848367594,0.5070437758885725,-0.020504798366049515,0.08703601556260877,-0.01717751618984065,-0.009155630505315406,0.04063851340192584,0.0583396389965925,0.04892980379757128,0.09203594654537046,-0.046202168646698245,-0.0007485767154679808
-0.010143570897289022,-0.1476400844382807,0.030137082422739513,0.009013910463838481,-0.005369139434450351,-0.12032854905728879,0.40650087700526466,-0.036190568681587654,0.18202069618164565,0.020304247842629075,-0.05426244010559775,0.8174167293571294,0.22583586713391401,0.04480731180747492,-0.085616950289747,-0.03183327321918458,0.0133234793162478,0.052671496364747876,-0.0003886501301613107,0.7884479337736385,-0.01244224813857063,0.8238007787316257,0.02020722542607237,-4.87575293968842,0.0,-3.089574126890627e-05,0.002505088346502939,0.06325696547049806,0.24074923930195044,0.31253038149772644,-0.00010280279632951475,0.00019558032384312584,0.058207690549698016,-0.01658458312879938,0.00038919176375579824,-1.9190136862611814e-05,-0.556905321627156,-0.14036490914217736,-0.991916188584331,1.8695091983402303,0.08058791961295954,-0.011272248229329733,0.001183738096199886,-0.17779393379588995,-0.00397745674678909,0.04360506650641108,0.0027374627866945827,-0.009671534936567699,-0.05830326791166268,-0.013617525839598526,-0.06814411736125062,0.0913983513084766,0.007155091922922821,0.01899593246166384,0.01641226730408916,-0.00471310423009434,-0.0010195912286682387,-0.00901968385583388,-0.01739829965302004,-0.08874441683272676,0.043347786751338546,-0.11688252292060741,-0.00011814004816640536,-0.0005401625599531607,0.47576136654890067,-4.2834113446565764e-05,-0.00022510807552009857,-0.01351265257896588,-0.00356337623437825,-0.09842592886066572,0.06844680578727817,-0.018338973599613985,0.02291301832135663,0.04856449488860273,0.05471067261823917,-1.5255549578377434,-2.871674323568379,0.004299992715025687,0.0011422518143593408,3.7470503735217925e-05,0.0013316590900610032,-0.07677500085887586,0.06770040089367806,-0.07721246797611117,-0.04922417654790143,-1.0035025260289694,0.02493978736038396,0.003690703235113983,0.5861921959289791,-0.017323514349778645,0.08710837484664442,-0.07027891018417876,-0.0004356704399130736,0.018589102563995097,0.05959762288916046,0.03633251950682866,0.10490848053699114,0.005190729059590012,-0.008139221366258276
0.006468611296367305,-0.026973416058410294,-0.02267053101268294,0.031409877140208785,0.0018959264936201862,-0.027416462583674635,0.10106190207287166,-0.10093217853641369,0.06231687208266581,0.018258148343053813,0.11658827610302566,0.8680372375550068,0.1154541862504232,0.036734752953803185,0.36359177771777734,-0.006529753959632999,0.00470444372440902,0.04392918605250595,0.010530680803579922,0.7381813601946168,-0.01985369774127792,0.8206100031797233,-0.0052941119155055635,-4.627064579230726,0.0,0.0005994627664195491,0.002207850752445469,0.08502479391980736,0.24896726500193722,0.3637621264109774,-0.00012960769646493277,3.568586234792634e-05,0.011746578565766492,-0.016584433019007916,0.0004499727347781178,-1.9282573872699577e-05,-0.5275322284810331,-0.14253590713017006,-0.7720304751463666,1.8365723808698942,0.18119056408146098,-0.011390860518012979,0.003959914782179845,-0.1463750370874639,-0.00239691714075326,0.03502576414352495,0.00936808457750841,-0.009002644689545772,-0.015876466944836454,-0.023278920446513564,-0.06819549482573417,0.03899384710940386,0.007321295885691619,-0.031007456475634448,0.0440612180716579,0.0025845062249108836,-0.019301362209938448,-0.00473233176898065,0.0005042011840598391,-0.030134209005874928,-0.010401285763736156,-0.10953686279664791,-0.0003386152367198343,-0.0007582608820091768,-1.446294885516057,-4.3528983713853425e-05,-0.0003194626407391418,-0.022410003210499144,-0.010153727008186283,-0.6648525045908512,-0.4127666538585932,0.0016412906214609336,0.014838413763864008,0.08736972541258241,0.007092158578421032,-1.4301771660425644,-2.8431493768746026,0.027062695529995885,0.014945501579562306,4.791773129182394e-05,0.0009049348363872282,0.028249993139225146,0.055045257265467475,-0.011505477194792802,1.2014255798708997,-0.04048373115564557,-0.0051504557308970685,0.006967550748715966,0.49328294813223117,-0.016543295399688494,0.07599185818948005,-0.039762361013301786,-0.009604660439184185,0.05550560854442868,0.07098144003814101,0.057020020966989195,0.09432228415110183,-0.06254909587386172,0.0004623929152027362
0.0019178272926769087,-0.030649768118978703,-0.035178693175661926,-0.0007694132881918193,-0.0007149215253381852,-0.03954528660476869,-0.016045676697279136,-0.03749656744532654,0.15432663811822278,0.004203639125758008,-0.011055117967758191,0.86986472635158,-0.021960865819908127,-0.0009105887493598267,-0.05487051689307085,-0.004473173475326491,0.0030814148926256468,-0.009399715222477675,0.0023252899715940616,0.8158787223077991,-0.0041707799596784915,-0.04683287687066381,0.0026158852161535726,-1.4244415008297886,0.0,-6.551621052660292e-05,0.00215647197727622,0.018187101124677352,0.05541035302743649,0.10862565347640997,-0.00019275366586529112,-0.0001532012584118421,0.010345262039279993,-0.016584552873928092,0.0003900619790857761,-1.7339725420366122e-05,-0.5276054849621932,-0.14885862187458462,-2.1008308192590794,-0.5620572343107344,-0.0006190293642636906,-0.02333471337310106,-0.0005946930020423244,-0.16488932063481004,-0.0025062616392702362,-0.010297823118068684,-0.0027897167388887686,0.0025590403088577266,-0.01498192402792857,-0.028467908945764727,-0.018522880562331732,0.015722054527713678,-0.015214209838424888,0.2740965808308233,0.007052415306952256,-0.0015188753169337944,-0.0032826816076482225,0.007458162924166116,-0.003048446181835736,-0.05026711063616446,0.014380093546609641,1.070408339858618,-0.0003587997583791707,-0.000901883702430598,-1.3229959302509389,-2.31942011198833e-05,0.00028142374955202824,-0.022668658956298562,-0.030201206791449664,-0.7657980090660879,0.1125293509282358,-0.0037114415759983855,0.012420550384989475,0.0264325586581459,-0.020013933484521716,-0.8896282698663228,-2.6090073749430527,0.0015898487294980753,0.0007873361219615468,9.271268711656257e-06,0.0013646550419348798,-0.0345082147336937,0.08361876098650535,0.017123162633099622,1.0294259791406297,-0.009175046012053663,-0.008805312573177852,-0.02293322731090036,0.5997724180865858,-0.01777413687510483,0.03781296280839002,-0.033854639798943986,-0.024135802257705265,0.040888662278548545,0.08080543323900496,0.005024501977608178,0.019152998987658678,0.0018452873491454375,0.022044768432914703
2.8290394634863733e-05,-0.030711482974556444,-0.05106006006072523,-0.0014041785580960488,0.007754449662403292,-0.031884552587480776,-0.033292340948005324,-0.030677939715097195,0.17551800752158292,-0.01456900508722766,-0.03702494497491102,0.8436422505881955,-0.020867583106381676,0.013539048759118934,-0.005240036961033937,-0.01582349545415765,0.0029828214569654586,-0.003053081350365226,0.004299025233035297,0.8001106498371453,-0.015670310105837137,-0.04097521909114118,0.0070792400958531706,-4.642600249527305,0.0,-4.693950801839654e-05,0.0026329525721181983,0.07208370652878691,0.18305171646003313,0.32913927141332155,-0.00017175173860316007,-0.00029919108744327867,0.01202963557880109,-0.01534725748868033,0.0005460350771437513,0.00014992935567727936,-0.529849329273072,-0.1503549234468102,-0.7236289576897268,1.7343024388781108,0.3308437571757396,-0.01058429884823959,-0.01184116780515727,-0.16479347725553153,-0.003073302499098134,0.03188974286379094,0.0030196439788616244,0.012615571179367168,-0.00982491839488318,-0.02516291058004799,-0.05916310817705186,0.02649207559237,0.006152554836052552,0.15117453030631833,0.002809969467668388,0.00402902771961368,-0.015657870758194022,-0.00023876832873363828,-0.024592550584803193,0.45602837251271994,0.15524475367950408,-0.11141003591239104,-0.00032709352575325287,-0.0006224991972305371,-0.5423682911343214,-4.0917472567354255e-05,-0.00010624763110574046,-0.01252294029840205,-0.05885095858623697,-0.6432238577336145,-0.055475245696643694,-0.03703682582186407,0.01368896563832926,0.06814803485796761,-0.019499635020581937,-0.7691451038363867,-2.8181487834392116,0.12641231365433805,0.0011930816214792356,3.653702182918672e-05,0.001430375747087241,-0.08195707904617221,-0.0367926280074909,-0.0116343731830896,-0.03395513313915146,-0.05055801704716027,-0.02090366350288098,-0.03546111014711164,0.49334183655143143,-0.019364340911257973,0.11676179717612847,0.5354345022882177,-0.016286911538378523,0.021027685682987792,0.03254411323898132,-0.0026093996521019953,0.014048806849089199,-0.05433132965705652,-0.014736806446522073
-0.008738247576508833,-0.22456191154964739,-0.06902103737448236,0.00020564975580035893,-6.443396165483012e-05,-0.019752812197483597,-0.04309471832778351,-0.03406940690628709,0.19279150263831651,0.015580361302856796,-0.03817481710544128,0.8089781329656769,0.22069656197977544,0.033772389959899125,-0.06633197024284633,-0.020330665835003574,0.0036671766843361362,0.03820274262992886,0.0011111927164380864,0.7737961247357513,-0.005842189600716243,0.8286701296349028,-0.003172148558547568,-4.497432979265761,0.0,-3.439323698435035e-05,0.002179738686669379,0.06977613903716738,0.21457580296204726,0.33958518285058226,-9.54826567283289e-05,0.001399028174525224,0.020523860514642944,-0.0165846009636562,0.0007003463906761881,-1.406258266203959e-05,-0.5569070581506652,-0.14894536693859334,-2.219300963527669,1.8246731947509711,0.0779007224718318,-0.003847417136546287,-0.005644915949872177,-0.13120944101094967,-0.0031988973482951558,0.0454918968046736,-0.019108551614569442,0.1813123809265155,-0.05420069458794992,-0.027014096788954355,-0.057029936189583866,0.05571635591366591,-0.00207356703792724,0.018829286588218534,0.005497123061295479,0.005393975977709213,-0.004343211737041418,-0.011244322420519376,0.03722427755902999,-0.03943524723510275,-0.009615731708528027,1.041933855673151,-0.0001417429917429615,-0.0005302644564950952,0.5548923601307573,-2.9420961774413877e-05,6.560672209761248e-05,-0.009129815298120812,-0.044223661040535656,-0.11836536514109126,0.027041797188987016,-0.017988246146038896,0.01639826935676149,0.07090881360705815,-0.05093049816908412,-1.4903220170379479,-2.9137268222567636,0.0049655296515009285,0.0011144543364777321,0.00020087312705121114,0.007239984791043477,-0.01647624782431425,0.10560567467106678,-0.011633103470802663,-0.05275713864058864,-0.13655175622148777,-0.03248801334483294,0.004837240039664389,0.5493401242564798,-0.022675690115272148,0.0901764943657977,-0.10764298698286204,0.005256011073527155,0.06963798185981403,0.07206449645327473,-0.0028796548949522435,0.1043434547331091,0.07793042880774681,-0.006809556422819779
-0.006224817056087727,-0.18153306749854103,0.08031409695853634,-0.004670523510155713,-0.005293504553926284,-0.19376089119626672,-0.0018749287242377745,-0.15560027695553136,0.09846060724316742,0.019117167088308896,-0.042080560520235184,0.8459128339544999,-0.029061611692038303,0.03458947699122892,-0.027051947502404645,-0.07937449809490149,0.004058495060685873,0.049131687700920176,-0.01047410766835073,0.8048091250736522,-0.009368616900986932,0.8704242695836757,-0.013479531338637685,-4.046766816871451,0.0,-3.2935601317212503e-05,0.0026127777011931744,0.06803818647165666,0.29131253664844986,0.36619891840256286,-7.89188653845654e-06,0.0002416717460161311,0.02006799647347276,-0.016584575859144066,0.000390474688789165,-5.4856885439285895e-05,-0.6067226673064732,-0.17653259838654492,-1.129205344959596,1.7713578948485402,0.1592292431344944,-0.003297675544442457,-0.015647614406479448,-0.8106240730761319,-0.0014999202870910207,0.005332584023681444,-0.0037329351420837243,-0.010779576414188353,-0.019036975768059832,-0.04013540138901108,0.01858570654961148,0.04269345677729039,-0.00939524525248909,-0.14539945924706413,0.013415999947811036,0.004495087025301729,-7.052340560538289e-05,-0.01431510804937626,0.03474191681831074,-0.45740794300037085,-0.012022295656191824,-0.05043910000701238,-0.00010854611544749016,-0.0004167572083519343,6.265457776007079,-4.255997392164997e-05,0.0005217070338734696,-0.01424481968308385,0.0002228611523943994,-7.9008938607622925,-0.18306145527328282,-0.0001326589710635386,0.014219624951722805,0.14571531188881576,-0.044808838557276486,-1.2886820049700778,-4.312991082788994,-0.00831710781022766,0.0011422221933516774,5.1975617107916745e-05,0.0007229386949812651,-0.007825181409810191,0.06679762946405747,-0.1219380131433765,4.278433441061733,-0.10634982633489766,-0.019543099637325697,-0.04315254351906803,0.5964825765739327,-0.06828968311961527,0.09028377088553408,-0.19061180467663316,-0.019311114027114776,0.024290454455977162,0.04862512409618409,0.09264855860946888,0.08436921748731184,0.0706659505750992,-0.004495230833236715
0.0013330982535369592,-0.08860325207796527,0.03240006521148099,0.009150440332576424,0.0005592793600106377,-0.1539410169406172,0.4150437128857547,-0.0711289828813168,0.15451415337094704,0.039975228358926904,0.0823251903489623,0.30398535005946337,0.24857650655892904,0.000911332083621778,-0.07269441617649139,-0.03208260973693446,0.005912715939562935,0.0002601490241757043,0.01057493657801194,0.017619987845132183,-0.0020282365875033256,-0.03885835058538588,0.011865613433588178,-4.6532272066172915,0.0,-9.353730268222584e-08,0.0025374436829663045,0.09339722504304131,0.20475973575190373,0.34610866636349047,-5.419576846777816e-05,0.0003422565056729218,0.054590486241239675,-0.01658458312879938,0.0003918463101259624,-1.7339725420366122e-05,-0.5567940435157009,-0.1744283789768793,-0.8274589769375442,1.8223127161311699,0.09976592627926545,-0.007090710440776429,-0.003529961564854942,-0.20377582789549745,-0.0009515330590833333,0.03688237443295639,0.006018283773855587,-0.013126817573658165,-0.020420005278321256,-0.022210450181389802,-0.04627523739735933,0.035980770266119344,0.003978400812556029,-0.03727556280009152,-0.029196733933565422,-0.006579819938008195,-0.007716934364595223,-0.0025008011237301836,-0.016806812744060498,-0.030696283498300236,0.008452003923986477,-0.10105739351813843,-0.0001432960517157669,-0.0005245496402442887,0.41878000879263483,-5.989799364904077e-05,-0.00024679238790135407,-0.006751687378697585,-0.008251479122195737,-0.19521230468923764,-0.022619382138526562,-0.04156342709980105,0.01649146612066493,0.06425039166202559,0.062142238104424694,-0.9094554287255224,-2.0397256441548057,0.05553629238104871,0.005247871464602761,4.47704579596095e-05,0.0013162294045774856,-0.08126068339281636,-0.03571913890406993,-0.0048436247087621466,-0.0361807035185497,-0.9949130400787608,0.015265370977071011,-0.013677925034182586,0.5006080594822352,-0.019071327648741088,0.08529635898033933,-0.08634866415232546,0.02812820134383229,0.042743863674632634,0.05194538757154097,0.09827855023067984,0.0953304294687652,0.8819285743852305,-0.037704317050724856
-0.002212861157955281,-0.16450029253908804,0.0535184188664603,-0.0006781686688875646,-0.026775193696969974,-0.19533019259310974,-0.03115748816344216,-0.15626470548467938,0.1917230892140075,0.008096623112382911,-0.0561009509032407,0.8939631627352534,0.20155464525415365,0.018484764844350653,-0.03265515131854848,-0.0908812318267366,0.02994500131109902,0.011709201283270868,-0.006538213964889795,0.9159469899049189,-0.0056172169053642865,0.8398322934305078,-0.003339697261231534,-1.4973024642076316,0.0,-4.319601610028349e-05,0.003785893535541122,-0.0006799554295216942,0.08134316465759779,0.13256868000747396,-3.9029058620030584e-05,0.00036903411052882363,0.025058889663462366,-0.0165845800523755,0.00046155223554073953,-4.843539134756876e-05,-0.5585809453348404,-0.16923961363524737,-2.2733403359366515,-0.564153499565124,-0.0005090364665842144,-0.011985943148133057,-0.013871012157871038,-1.872951691851111,-0.00881209591369296,0.006125823202233682,0.007305881243216482,0.005009304972327884,0.03765634906697797,-0.015223467030006144,0.0037651053928242145,0.015716482245022437,-0.003449121530764193,0.13355702128987176,0.022627968631940075,-0.008239247035651105,-0.00582864305673477,-0.02358306967828086,-0.002907454054073608,-0.4697856984149554,-0.08996052472161857,1.07342163149022,-0.00013558720561390261,-0.0004034837379082257,3.4932305156837535,-6.514013456920686e-05,-3.895804800621301e-05,-0.010536151759868247,0.0015368357836724046,0.5331975851163965,0.18596156879058687,-0.021454910643395993,0.015151047438090981,0.14503371005424867,-0.12230355609989699,-1.5217380382224344,-3.3421716922604223,0.011626094964986443,0.0006813024153226749,4.650805648378835e-05,0.0014536675459479345,-0.06947078003828792,-0.005495243720296699,-0.058847491931512064,-0.46273182055493906,-0.1522395397559088,-0.0176186605828232,-0.02560931779100943,0.7056803673397593,-0.07215220394682555,0.04132661715063293,-0.7798537532927723,0.0022495735653389006,0.013807461973827902,0.01591047546960232,-0.0010037683456446838,0.029612215632926334,-0.002946760088759455,0.008494907944310104
-0.0008020098924702109,-0.045965363646220975,-0.05525154362926344,0.006226566804496,-0.0024387570279303665,-0.03830739631296636,-0.03836243850019451,-0.027633593120835485,0.08758094268369934,0.02026206553709025,-0.02722111099440011,0.303326594967119,0.24199875138518157,0.03794920083485161,-0.08107979770145901,-0.014734348766527417,0.013422066843864674,0.03640451379330124,0.002055372216845517,0.013868237128108842,-0.004280758403932505,0.8215575564666123,-0.0014781830043576222,-4.731523899882103,0.0,-8.74186299697922e-05,0.002225383246603766,0.08435174234565142,0.2502814131538958,0.3471233455038553,-0.00022268253290680167,0.00014038859460852404,0.009885502326688172,-0.016584543662793806,0.0007578934728129521,-1.9145572127081856e-05,-0.558806217715483,-0.18537071666400878,-0.82318204309504,1.8596059005678751,0.07895115119828855,-0.01304824823130737,-0.00659787390700058,-0.17090214180906904,-0.0033565483285549255,-0.01657400125708515,0.010348332977769778,0.003103165244875645,-0.014969263671793393,-0.011168096223598756,0.020701039635035143,0.04675406838342818,0.00827146764748675,0.022028563252950464,0.006165223267038987,-0.0009931076308988802,0.0066320222236693595,-0.0018517634568180133,-0.0062529842598178665,-0.04118757840739066,-0.01095191222210408,-0.05330057241231182,-0.000255352636536756,-0.0007821810770601872,-1.2377265563175344,-2.9449606836662733e-05,-0.0001326201772759642,-0.0238177833709026,-0.015417244142688588,-0.7769257182807076,-0.1324226435363227,-0.0018935827252738817,0.04097749445872583,0.07753886232689025,-0.02822590818452169,-1.4515998498613667,-1.6931292150758688,0.01192910320203453,0.0012476054184526108,1.6475140247951044e-05,0.000754713077615482,0.023324555749671596,0.16356353505259058,-0.0007818365561586473,1.2732466522803663,-0.00838629872145184,-0.008569062574266552,0.015971565265517546,0.5661715437099131,-0.016841816125737163,0.08891418164824215,-0.016695348251980643,0.014812039770544513,-0.00299123769719273,0.07057874126963894,0.021771553751644402,0.0810512709635342,0.11577265694889531,-0.005783725793850724
0.0023846304651873747,0.05058333104589279,-0.008529733382534233,0.0006298386731306851,-0.006444667238360314,-0.22047501395132396,-0.017362026411787274,-0.042002587016330806,0.19849089587176702,0.016763165794635927,-0.005834688187823667,0.7722192461428625,0.208518345431586,0.03454608615590509,-0.00015930345840003008,-0.02529132946580156,0.013134340666271515,0.01514058936538573,-0.010339123292664362,0.7825403674094881,0.0024211268988735086,0.846734520614613,0.015829229331607193,-3.782165127294875,0.0,-1.325787184574366e-05,0.002669313797658903,0.00296010099230103,0.2326214520117717,0.19606037781367486,-3.0418628402731126e-05,0.0015080313263460441,0.029936058768203464,-0.016584587322030817,0.0007599951710636405,-1.9144032665494612e-05,-0.5559388110446756,-0.16387644709914131,-0.7879191509913375,1.1083141460796058,0.00849411071021635,0.0272333988951364,0.017813981677695236,-0.5263137492356693,-0.0023424373726946414,-0.0006026648512735734,0.00017315914635232432,-0.005826305499054864,-0.013142053029491667,-0.02857314572276423,-0.05168949008201086,0.029813737345079784,-0.009112682870112694,-0.02023686652460263,0.010435516461287807,-0.02099759561882893,-0.015153420698287989,-0.0039483767188743125,-0.019071274334165205,-0.08063603847463426,-0.039274219295643245,-0.05398467523596375,-0.0001226111457692314,-0.0005290034394314826,1.1361327945817794,-4.1702354348055545e-05,0.000881401630906385,-0.00927103910227,-0.016746621649924742,-0.2787778790865085,0.14153239262622644,-0.0038632074735686457,0.018258056337628795,0.11198611417518635,-0.02217475348240251,-1.4270188905328893,-3.0267829306038254,-0.0015908987641086649,0.0006853943557928387,0.0002927569638006279,0.0020279206955373112,-0.0037376050957534557,0.03344051947958095,-0.06513346719797167,-0.11834343445084068,-0.16835844854433824,-0.02414535384687384,-0.02326590859016788,0.6626198345936882,-0.016821130591245438,0.05310670633231549,-0.015166957342490399,-0.010284715329626918,-0.008149322192722241,0.029380933162002333,0.0022880215109740906,-0.0011397671543101314,-0.001251460723909408,-0.012928708051258783
0.00017152343299135342,0.37386308981979804,-0.007683838868591867,0.0007154056368335429,-0.006099006010816187,-0.15551782240225553,0.44407246226997876,0.3812762966393365,0.05718235441106353,0.007187405762307522,1.0634752316985712,0.7149987953382254,-2.681118558541945,0.0200441447080181,0.35872371055249996,0.3375983562806375,0.005129291390964604,0.011964233002294836,0.010485061454972926,0.02408893674885961,-0.005408402679798462,0.8412985320298527,0.028867481052955304,-1.0720203438154083,0.0,-1.7508490839287186e-05,0.002180157883056807,0.0004630144956931574,0.06594137204473927,0.10906195225183818,-3.767901519885456e-05,-0.00010772749556387403,0.05569677620097131,-0.01658458312879938,0.0007519071651733414,-0.00022490143369697293,-0.5548766132666669,-0.14954207891553276,-0.9483792627536421,1.5260207746024868,0.01767548517377343,-0.01410157698513041,-0.0030529720802637073,-0.09229130526771154,-0.007736452804739949,-0.003938352379269521,-0.012737760593911839,0.0014892807463812872,-0.03682598069440322,-0.023821342115938032,-0.05712657755760452,0.02510822592495459,-0.00277341593399938,0.02101490045152445,0.004007423863402979,-0.00356567062949879,0.003086921082874417,-0.0008693372593594948,-0.0097439005517121,-0.08900826781950179,-0.014856464188655681,-0.11683374450377686,-0.0001392313526881716,-0.0006392360416182252,-0.29821162945086227,-3.0368973251168406e-05,0.0004363923245235495,0.014934191503241762,-0.019554760834560068,-0.6904516853144511,-0.4071862118498203,-0.014356519454026438,0.012530191186996258,0.0013128483633872126,0.027642670609133075,-1.463137082447624,-1.5792774349564753,0.005884970834650366,0.0011479946411357671,3.046408286951529e-05,0.001993382547159884,0.0002473467623040668,0.03941634050624712,0.6356500473181023,1.1775619988436534,-4.480959811726159,-0.003630073338382405,0.04193844757717589,0.6676782500789535,-0.01874498957694327,0.045114188762596236,-0.0671700009136668,-0.010828955262054588,0.052770323437380924,0.05464431770764202,0.06678439184152372,0.033552339979061666,0.1337920895599591,-0.03368683691790776
0.0034523303586693477,0.4833626686400262,0.03213238002623407,-0.0012888675682028818,0.02030046907071355,-0.19074987497348797,0.4418266273257065,-5.742222726018111,0.14078439739793555,0.009566958824934382,-0.01757990161315751,1.9113027236853974,0.22198252776159458,0.013876837852531713,-0.04318360454242456,-0.6258800670843151,0.005877320891592349,0.031304998578024885,0.007686864791158728,0.8260547446718342,-0.015960527881121563,0.8424873790504157,0.022614328046601205,-0.5574068884434942,0.0,-2.030355596454434e-05,0.0025076941425779134,-0.021402686733075462,0.07731869909614097,0.09559417277217971,-3.968615488636976e-05,-0.0006036749264799617,0.06681489033097485,-0.0165845800523755,0.00039001468932887837,-0.0005003566262448804,-0.5533862198439843,-0.15346961710905713,-0.9189689828898531,1.7505133693448764,0.02097297444035563,-0.009838715456144153,0.39591805294843135,-0.8108846896143351,-0.004485012886158853,0.01533315808159624,-0.001380511745760242,0.6580657146794351,-0.022674292476333412,-0.02835343259126889,-0.06634257801954839,0.026481243155996304,0.00853835798715183,0.06628186380416144,0.015269882176066932,-0.0183936359551718,0.0022307204750289214,0.007507850427196747,-0.020912756076538468,-0.10359407125588839,-0.035426492969377305,-0.09613323327535266,-0.0001430432512974711,-0.0004157510425287341,5.395820696191716,-4.0937055104257825e-05,-0.00021394920672439976,0.07557831701527364,-0.027297976071973828,-1.5501361853379525,0.231661650474596,-0.02516596035913663,0.0130962619171439,0.15852671999462797,0.0010141032427779457,-1.4899405078235233,-3.5843045387715033,0.01175005906245822,0.0011443369160531228,0.00044266439604965553,0.001420063063381895,-0.032586605802196945,0.04666511542821449,0.6813478035745817,-0.11645815807248132,-1.565107926953686,0.0004387999704414047,0.0038360606808781387,0.6235091804931951,0.06564891008316845,0.054410099010257264,-0.18033407209647476,0.019931248058179942,0.0304193131020153,0.05458387675028732,0.010572199531702582,0.0345667550848124,-0.010658882222228992,0.008979031369644468
0.0015620033864922128,-0.3541632355448595,-0.05814667239381979,-0.0005199243034498149,-0.007907823478230611,-0.2107315578219511,0.4221038664848268,-0.3546383279905867,0.11074804163713778,0.021992358053567793,0.2520439243120905,0.8947840079722527,0.04269662930771695,0.039832979034986685,0.33133049476489385,-0.09253014768926363,0.015986180789491513,0.03927496630116387,0.00038076739549595625,0.8143288154833612,-0.013197586220017056,0.8339515419281666,-0.006816663212045152,-3.425630122296803,0.0,-1.542451078054228e-05,0.0022235157937849806,0.05303624122176571,0.26563404323453144,0.3460168992381314,-8.396066159201602e-05,0.00097960631951817,0.055498177199114096,-0.0165845800523755,0.0004614867641375821,-5.4856885439285895e-05,-0.5573125562528964,-0.18629023522327498,-0.8483786938843507,1.6596447314155123,0.09425912539846686,-0.017113067025567825,-0.015715071947664257,-1.0043945643239762,-0.0037201906779185715,0.04779217155919548,0.013138704931731315,-0.015702988091429466,-0.029008288777017888,-0.023274808171835196,-0.0421500968862743,0.029866177190043044,-0.012033995628539407,0.12983558964939096,-0.032400720836386475,-0.0007308299694441323,-0.004370816818284237,-0.008503929887969561,0.035285377427866554,-0.11509814133677686,-0.07038629668545764,-0.05093330566979898,-0.00013951436878105255,-0.00039914827148392084,5.532212258226974,-2.9770474735024313e-05,0.00010929257210562035,-0.012242305386673012,-0.0007041219707743862,-7.884721753061003,-0.4353519890815201,-0.017997162765618375,0.01582577676309253,0.17067739452107034,0.05752216767950678,-1.7305151573402497,-3.448611028489498,-0.0008689769768001564,0.005279345430894335,4.68039667818373e-05,0.0007459161692727585,-0.07909489616380042,0.06752771685209251,-0.11577229340564062,4.198362630106867,-1.0391957018162985,-0.0172791026801697,0.005421316972803157,0.5262560345211568,-0.0673241029186702,0.08307324415356496,-0.17908692352543656,-0.006228772505160429,0.017682572588637365,0.05699258501309157,0.0015579299246130422,0.09397558938398375,-0.04495639068968697,-0.011134163473574472
0.0015620872648551105,-9.258299049537543,0.00465278246370491,0.011859123661130809,-0.011765530079244088,-0.19756644989582675,-0.015722583910909624,-0.14516453861801554,0.14162298751258096,0.020081729294222028,-0.12576641874787628,0.39517863854968827,0.06529535002430416,0.04311986453687926,-0.010722125133268581,-0.09507350934170304,0.02213721500429716,0.04992100831847772,-0.0003317757005965689,0.6435271651606579,-0.01658324049475873,0.8512288368330928,0.0008225083119567783,-1.5662655614828451,0.0,-3.8684902644212993e-05,0.0025126908525244704,0.011411913562095042,0.26521255952000306,0.32514574275126445,-2.8827532705970468e-05,0.00013718838303704314,0.02907590580975611,-0.0165845800523755,0.0003875215703064523,-4.843539134756876e-05,-0.5223104025314886,-0.12139523146034807,-0.95591464167235,1.3704282838165456,-0.001218910677561254,0.025499925868494627,-0.006716675043789803,10.189696133165743,-0.000988838508593883,0.008360026950483981,-0.0007217684710982823,-0.0083323114827652,-0.01607398360579976,-0.03001117941863057,-0.05631451492763367,0.07622787061640983,0.006749595151386592,-0.06625751498220582,0.026206707670623084,-0.05157731121460417,0.0015343826158658652,-0.00761737096784478,-0.012881072354583231,-0.09606605927670606,0.00716412431041103,-0.11299402993455869,-0.00014845147859069536,-0.0003996509384382793,11.481239041070891,-4.077350743322415e-05,-6.48180858086475e-05,-0.015554002472657518,0.01606231259116548,-18.3059938776503,0.004824457977336834,-0.02593881250021449,0.005077454623386594,0.20034568491190294,-0.0403953043647962,-1.330992805340756,-2.61411174403647,0.016248312391313812,0.005243271255357643,0.00033767222587551064,0.0009377662315915092,-0.0867195302848509,-0.0076062395052816055,-0.04342378774677031,4.278448293734429,-0.19483202122994653,-0.010970770994001936,0.013047962273314374,0.5710025220967094,-0.070904903345609,0.07108870514863068,-0.1346264465925088,-0.00968140124411062,0.027249733462912068,0.048702055567300506,0.038076291278827425,0.07279519895235434,-0.05729098664251937,-0.021973465361596518
0.003858362985831377,-0.07694085809883502,0.012322051278879625,-0.00412789909919488,-0.017432341498887772,-0.1593065487863863,0.4495515390310995,-0.6963752407461745,0.07377817713305798,0.02069746644691497,0.44008337483791654,0.9196923444638262,-0.5646268666324976,0.039694599129718004,0.3804678475974728,-0.08051160382351179,-0.010623932932905969,0.028815690270236928,0.0024275307996224293,0.8371323159218399,-0.010385663184537805,0.8687452878039539,0.005806332647267636,-4.540889616152899,0.0,-2.5610331766800857e-05,0.00378589440677087,0.05089205096490448,0.2593740451480409,0.32924149862131247,4.134642852291997e-05,-0.000147840470124156,0.05756732419234152,-0.016584575859144066,0.00038925395427704947,-5.324151501879777e-05,-0.5233248615447956,-0.17095496176025338,-0.9124414443118195,1.6677451202681368,0.08483483497535459,0.05538390204658429,-0.006970969985034275,-0.7647974488424512,-0.0011818187998151105,-0.011642796613220447,5.659600503274492e-05,0.005951216850624052,0.0555479097045773,-0.010373532104445074,-0.055539209356188224,0.044935600857758023,-0.008597795032384715,0.019896868080114267,-0.008437057624709558,-0.003430733402211097,-0.007271922991367112,-0.010429193076404376,0.021027732243678283,-0.0580816043913414,-0.0180372415895115,-0.04571885544486362,-0.00014522255888570025,-0.00039245728847953716,2.4211292757090597,-6.5124833671263e-05,8.767848084550065e-05,-0.015592460221120404,0.00045752837345385856,-0.552149119364067,-0.364744937909534,-0.025216193089017035,0.00872665031777161,0.06741971566265788,0.027174162371254817,-1.3101615872736567,-3.0446638482528887,0.02109039167112193,0.0020123572860929573,4.4919830947898917e-05,0.001144758993139961,-0.040865812248395354,-0.008758795775729099,0.0010784907378988354,-0.11467345418789043,-0.9919181572820617,-0.01054713786332241,0.009504543577091027,0.576782606301961,-0.013027129380682026,0.0840822807231469,-0.06317264843479248,-0.0022587128880141205,0.04095041257998895,0.01966501458261813,0.08304758053960232,0.09665466302599335,-0.05099881534097398,-0.004066142475131294
0.0035270385299697666,-0.04622720704958735,0.03631610687266699,0.0011376947540145334,-0.0016696374751992722,-0.03572625566600257,0.43605730002563803,-0.12422038603213621,0.10611441122757205,0.005515144490964009,-0.01419300807737791,0.8895905349722442,0.24701913669756467,0.023299432673828002,-0.056449117748472034,-0.03665052076869523,0.005415014705009219,0.020461285253659464,-0.0012607314187176658,0.7612322236427777,-0.002205948941173905,0.8438855441972182,0.008426381954902933,-1.4649494744951004,0.0,-3.828569809119351e-05,0.0027261170120000777,0.010266125802771043,0.0961229718929423,0.1163419979518605,-1.3311445673068723e-05,-0.00018463004108170957,0.052021329569124516,-0.016584587322030817,0.000346552683543254,-5.598092709966935e-05,-0.5585928192402904,-0.15145548101899325,-0.686512355363814,-0.2825266521418818,0.027983417982395457,-0.015686247534284704,-0.002860087150324566,-0.22272419381038117,0.0012043042346335923,-0.009098767699570071,0.013318295299196299,-0.0163009772497403,-0.04292082228229486,-0.02463500873577039,-0.05501595727882847,0.02196692316003148,0.01243839135898996,-0.03542454946389182,0.010722100037391036,-0.0015850328865654423,-0.00035562935161085615,0.00022408018720023728,0.05370400599134417,-0.0422797652967722,-0.06254228351948081,-0.04103876219774244,-0.00027060176515486084,-0.0005177101604966938,-2.9665606639993385,-3.129702972604097e-05,0.0004115411138761498,-0.012299019804024355,-0.022381766690640483,0.5745135171660956,0.19704466995772937,0.007238618658392057,0.027392377089216463,0.02330096852516978,0.0531391479102049,-1.4501587671119527,-2.88699142531342,0.017050104367379557,0.005280419261784702,-8.493859611196362e-06,0.002994441566197253,-0.07445749166013509,0.013427256836048345,-0.1035451052867756,2.0392823804869304,-0.9943967940300685,-0.006233299662294189,0.007110344496148105,0.5621210345866515,-0.015423220192088348,0.03979088148185291,-0.04856305721368697,-0.026355939992508837,0.04124569704676989,0.06038734331593212,0.01953043708853424,0.031501532035973334,0.10666567162725445,-0.005226535702233714
-0.014459536817590143,-0.14305066997145524,-0.06440617593535002,-0.0016361683782625607,-0.007342748699153936,-0.1943702377813172,0.4512381054089467,-0.7079162465422663,0.07485307879960737,0.018572522167742356,0.4388856133157705,0.8329653266869536,-0.5664695484189815,0.038842425540977735,0.31705703400993224,-0.09116939169568654,0.006821668536551944,0.047897366443045056,0.004103708098935461,0.8277401219195933,-0.009501869581382359,0.8646405737949459,0.03214518153665333,-3.5556004530318357,0.0,-2.213558488349963e-05,0.002188934032719344,0.08712525320000811,0.2379898973802946,0.34347794785205193,2.1139981660956447e-05,0.00017619005865600354,0.058426919198811156,-0.016584575859144066,0.00038952160288049405,-5.5640656790277475e-05,-0.610554178170901,-0.1756338084059871,-0.99659635257724,1.617736709253403,0.09382133491050194,-0.008523807817379063,-0.004554992578213431,-0.7629713016520764,-0.006555578275559846,0.01567270214794229,-0.007826439193095164,0.06598583142872484,-0.0270321978335627,-0.014574736437322372,0.03628597681774338,-0.026585207054684958,-0.00990343872607541,-0.07540459297849479,0.006738838637308477,0.030471740796190926,0.006864583406066112,-0.012805452671699837,0.035311571043551974,-0.07078477383492703,0.12304692253733034,-0.03469845988566275,-0.00014830349189502048,-0.00036116160865064495,5.684794130730718,-2.4157754756785722e-05,0.002016963795966484,-0.013576435374973963,-0.007793144202781165,-8.42370421331812,-0.618822013230068,-0.022502676628323774,0.01591726100466789,0.1590894938978306,0.002889787700079105,-1.2266107791464198,-3.4798584314626595,0.008101522880104203,0.0006461323430127049,8.263071547574319e-05,0.0007152827322458451,-0.016681045998352448,0.14907526151834008,-0.0694845384280575,4.196070707379655,-1.0242743243161714,-0.007540532811846058,0.009395847653640203,0.5653459120064906,-0.06253551109691097,0.07874225487036429,-0.06599815249918274,0.009172666869963464,0.06001068966425119,0.05168278044770201,0.0656150899996843,0.09232836510815033,0.009854721107724871,-0.004889670705605164
-0.0091620604632177,0.07079543924718829,0.04428754835924398,0.0030988168757048844,-0.0036658803371595245,-0.16225577021042198,0.4356463445415539,0.06879610416006143,0.1048566748590177,0.038084054212770904,0.48652565271197673,-0.10384167193036854,-0.6665371665820551,-0.001467398391047517,0.36824624716084786,-0.04946828765795933,0.0026676551537080746,0.03709985510051504,0.004677590686458535,-0.06262192417264212,-0.023149762831075067,-0.03707159425828836,-0.006051366229538897,-4.018524535643897,0.0,-3.008996642786564e-05,0.0025150614355901367,0.09242801132941521,0.235005237174699,0.3574434040362767,-5.530726075399025e-05,0.0011146859357549163,0.058875157382153216,-0.016584575859144066,0.0007386671792484324,-5.4739426111927385e-05,-0.07727658892505963,-0.1477679271518159,-1.0124788996190912,1.7816853558903054,0.09565057347200792,-0.015818815642532735,-0.004552761102498806,-0.444201797721379,0.0031958725252431283,-0.010436362208359593,0.003115971738530573,-0.007087717812392546,-0.025918958398265603,-0.020226873284887505,0.011145476133265806,0.0837858164689336,-0.004806532401681955,0.01796436445659454,0.003345213136709526,0.0024699903439646116,0.008983270998236986,-0.0015591084945394925,-0.004991755380127637,-0.07270582458462707,0.006743626685724407,-0.03857452055045607,-0.00012437114365068642,-0.000577998424232175,4.212866799796281,-4.372753757999259e-05,0.0003629338229028275,-0.012552198894851778,-0.0013866302365686315,-7.787812349418858,-0.39922629452157665,-0.02352793854253607,0.012428576485947957,0.049734000499708185,0.07238898993369566,-0.6226431096577763,-1.474139419724872,0.0060441623638290715,0.0006819623542248766,5.411989268556483e-05,0.0013806700348238845,0.05802025386138614,0.06369809797916669,0.016853134286581972,4.049961654493789,-1.050670511636001,-0.012726923605240104,0.004307531550424061,0.6163472899704121,-0.014643068324890122,0.09922709564549691,-0.10985286710779656,0.004088044604650912,-0.5867218447840453,0.048016366079938776,0.07743738124658157,0.10673500826567632,0.014846663117214153,-0.0016797726670094168
-0.000934893267046205,-0.09314179603372491,-0.06236126912901102,0.00044836032602782336,-0.013785678114522753,-0.1583145841991452,0.2257862487291718,0.1882243051046292,0.04929556201523611,0.019816865090260878,1.0394967254470626,-0.21512901673277524,-2.8923353713178495,0.03940883297893156,0.45208383602185326,-0.054864645763848016,-0.013266050613925467,0.04046591708111707,0.004173794694268675,0.04239821150641246,-0.020359773788385757,0.8881763834464917,-0.006844532139721433,-3.3019001352119304,0.0,-2.037588361160016e-05,0.002186336022087781,0.0650127273964626,0.2221030566991479,0.3290273011683244,6.425554449436255e-05,0.0009257235118758381,0.02668574826836026,-0.01658454669702139,0.0005835910905179651,-0.000316129774051237,-0.0774883834649512,-0.14134111318131237,-2.285413818832746,1.5612016557430737,-0.05883127354563074,0.003966100279435018,0.0020909892007474917,-0.729691160618009,-0.0003128649811718882,-0.010524537671360443,0.001633217713153875,-0.008051461636696343,-0.01650279057788508,-0.025968923278766484,-0.05363486244128103,0.034381659810327155,0.0036944098139713773,1.025956825508714,-0.033903882744584155,-0.0037923078723834094,-0.009931456363660997,-0.0051035459510435,0.035448697203140415,-0.06182244030716531,-0.05851587766306674,1.0793155647490869,-0.00014188763747022146,-0.0003783115079076343,5.349422162480154,-4.329849887266579e-05,0.00015049929978768105,-0.015559586429952232,-0.010621868336384224,-7.554217666647937,-0.31973960236943205,-0.0043962521515846405,0.01504136954285506,0.10644115426026478,0.014445277551797581,-1.2833355030262015,-2.0266246228939626,-0.009094988097917091,0.007498018958150841,0.00021194254337497692,0.0007060250941420203,-0.06415258221189188,0.13854023239969276,0.08425104306504005,-0.13214249030721786,-0.3454616773629801,-0.014592997169237966,-0.023835930754702507,0.4552988332336439,-0.06940886755557814,0.08770146649692634,2.8792837778593285,0.005513173256531793,0.06253041643508364,0.053308963752425276,0.0023105455911119196,0.08762240740626172,-8.17092139705361e-05,-0.032524698347047784
-0.0022186376680602337,-0.09285137793029616,0.04402880668128156,-0.0024818165879769375,0.011941223441523617,-0.0384892856347119,0.42807416833258366,-0.0454649993020654,0.10702790115719674,0.017876358740953238,0.052737710229470956,0.8237934459471571,0.2079978675406716,0.03894256196053224,0.41855919394018415,-0.013634221180693561,0.007241621791126089,0.05590023265113057,0.014631167087942798,0.8107887784729088,-0.007834899417446667,0.8237645699365912,0.02819905705089747,-4.64810136941825,0.0,-2.0276937457813028e-05,0.002481505691402641,0.08207007265193156,0.23210343487390023,0.30933372281404226,-0.00013102528235617972,0.00022683365301828188,0.05111895329858366,-0.01658458312879938,0.00038685796962767335,-1.3335470968580677e-05,-0.5576811745292444,-0.1451769659822921,-0.5711949682760751,1.8440295722550963,0.048358993192766285,0.03259602995231791,0.003555717802651003,-0.2570173998647084,-0.0028427648011122002,0.04083283194819248,0.0001377828173591615,-0.003800605769092703,-0.04270997863118348,-0.024141037977326696,-0.04537876267388102,0.049819444366164846,-0.00992027376994458,-0.04734735617782909,0.025884889485850594,0.003707190700899158,-0.01718059399575455,-0.006161646439559463,-0.0002942461527848103,-0.05812719976096058,-0.003235654627215651,-0.05815743297992965,-0.00032444516936433937,-0.00044750657180012436,0.1482252637283736,-0.00012409013907742784,0.00031153033164947906,-0.011464419813879674,-0.03203976747403972,0.14490301868933042,-0.3479609586154249,-0.0003214022359369476,0.02887580581514304,0.0817018957937247,0.06966845078885613,-1.4948687910170566,-2.877186069284636,0.023182602299816488,0.0011480026070643384,4.5980256528892106e-05,0.002924160370644855,-0.039655670962009615,-0.029466448541812507,0.0069133976666081055,-0.07721252697632244,-0.9619251244695902,0.014959878636671833,-0.03650885809255155,0.5618090182731758,-0.01497492600457816,0.08924770056481825,-0.05994322083743018,-0.013698413702706318,0.025251329616640887,0.06300037657207114,0.06849180202935563,0.10489370372577936,-0.0645449830620772,0.005038239849245783
0.0046381933739404755,0.26010568289634717,-0.02771092318162904,0.002034437033210812,0.0021726964292757577,-0.045594572143064116,-0.009049797018232757,-0.12662978292638968,0.10521499094389725,0.005612725466711066,-0.00912146977040108,0.8738308670776774,0.23827930290312313,0.016381969367639086,-0.04465838583557381,-0.035868923223919394,0.007531828480988289,0.013192819725211056,0.001396081410681463,1.004401097968608,-0.0002108262601466779,0.8407516592979644,0.01887404669845745,-0.8981962076313864,0.0,-5.483546424743262e-05,0.003702333810713799,0.021847235461216072,0.07221132686223225,0.11497175657475903,-0.00013576037464395297,-0.0008207978828917685,0.008898626136052974,-0.016584543662793806,0.0003847465458947478,-5.598092709966935e-05,-0.562673972275476,-0.11673379863195432,-0.7292709700619677,-0.3018144371403702,-0.030312665272088396,-0.012917280065386186,-0.0044793267727371465,4.673272822773451,-0.00675217856438223,-0.018568429444232624,0.012845218574431983,-0.007593341205185399,0.03033359393144365,-0.030387908522719227,-0.04995796328416559,0.023939673345655568,0.01698896486746788,-0.025708278193866688,0.0012473518117179399,-0.00750415392983177,-3.7427805264474035e-06,0.006409372505101775,-0.03623244680118204,-0.04986403331812092,-0.0647449094278415,-0.05242254096686935,-0.0003037302853410029,-0.0008915312981506937,-7.0129999349059124,-3.0720539214728936e-05,-0.0005966234568047337,-0.03185277285084509,-0.01257117047144346,0.5076421196400692,0.15411050905509263,0.009675387902114077,0.041226261159109004,0.03176257731887756,-0.007433453288174355,-1.4491422527395434,-3.4237961689033423,0.013492366559565011,0.0005579884404794949,5.117506392636014e-05,0.0010886172377053787,-0.020326131727847023,0.029046150766671934,-0.12209317882377804,-0.06469158848523396,-0.03268768292819714,-0.00010294837133908754,-0.006117486448391876,0.4312821123889255,-0.01466405141083193,0.06947224410167678,-0.027249785491541577,-0.023212420503414807,0.033131645463909024,0.04090294903373833,0.027089661385239383,0.016493191898203547,0.09779743373327701,0.0017779765492601967
-0.004218312735961181,-0.1943123742071229,-0.01990376158563688,0.002911295614577191,-0.014741865702313181,-0.2067188257389351,0.4387331354052091,-0.6004055713351779,0.12867930981538378,0.01080636222058668,0.4535289070537774,0.8816204374977044,-0.3701223538724639,0.01781470761618473,0.4462717313672279,-0.22281621245093966,0.007593649984545939,0.018779085086627834,0.0068814058406085656,0.8868999557622634,-0.008219879798786097,0.8393961852739901,-0.010445514179514904,-1.3291659129947926,0.0,-1.630858797324205e-05,0.002221430848390868,-0.004142180290722248,0.07586483262330002,0.12304924472309951,-5.2209910629775925e-06,-0.0010080584277343148,0.05127343948350305,-0.01658457580188194,0.0004871334174865098,-3.303468961691752e-05,-0.5258349862133803,-0.19659606785259817,-0.8843248059902068,-0.3373065052381367,0.031469213334027905,-0.012466826078131259,-0.01668040388696873,-1.8053771803865013,-0.0039499490030454,-0.0011987252826737252,0.008696062028251845,-0.01448574521240315,-0.028935318415157743,-0.02382335967151225,-0.05760311125050086,-0.003643172613994281,-0.002413751105913578,0.14247863444237752,0.010372067952479492,-0.007987575287859759,-0.0009855595635626228,-0.009491331084710605,-0.008359632304258392,-0.12372504821582646,-0.09510607782563164,-0.04965975129552312,-0.00012475254978165475,-0.0003822815404730942,4.082026439507794,-3.0369216389698925e-05,-0.00010399136922321499,-0.007726174601578851,0.08181308967340833,0.5192767918629457,-0.3121679122644918,-0.018075376912884168,0.020916380823544353,0.14229862854657355,-0.0010407076001545555,-1.4936542497293954,-3.502913382299017,0.012364600958609286,0.001109127502684659,5.110612263087024e-05,0.0008656836642079035,0.007567972388744964,0.07023506011154762,-0.12317100684684545,-0.45756391015680625,-1.181049446350205,0.018444375547273656,0.013976887424127985,0.6920008796193214,-0.06923210347443864,0.03805057307222556,-0.8028386205535384,-0.012155022435622529,0.019368047860192705,0.07775244642416147,0.010624779910113841,0.03399561324622485,0.051721192484415,0.0032396842832967915
-0.0007191509102518892,-0.12370614409607052,0.025046738022144834,0.007638067920008812,0.006025444131830704,-0.1942062019318097,-0.020006145586067024,-0.14223112034074023,0.005999239197475821,0.016592939170973844,-0.12041777417984487,0.0007158142944813583,-0.17724166824056317,0.03628514221025175,-0.018072728585253616,-0.03647083369049802,-0.008749173635345659,0.045089317649569555,0.0006001546186931478,0.15052243750460217,-0.012758213369393168,0.8777606120010821,0.012442682643503213,0.6954123204814806,0.0,-5.071321778539848e-06,0.0025030613171980374,0.02454198596120602,0.26156645659833005,0.3186713164448877,9.736402458422165e-05,0.00018063771065495045,0.02653303179020881,-0.016584575859144066,0.000753451990514403,-5.564065679027744e-05,-0.3683430829135064,-0.1399571215227819,-1.0657331562293677,1.379560834164195,-0.009734099697124278,-0.019138203563994337,-0.015115641667583939,-1.8169948781654552,-0.0021343807168371217,0.010548251706144646,-0.001574948646957904,-0.016181622051760384,-0.02102685638101456,-0.032572327929895395,-0.06311703183276066,0.03564016913532234,0.0008291174686661463,0.13666084562328631,-0.003835912494912378,-0.008929548228376626,-0.003087537556982386,-0.02227066879261171,-0.007426563489160311,-0.48984907330026295,0.06549148845049853,-0.048728973273448446,-0.00012182725309390464,-0.00035888162443828615,16.635426772321185,-2.4924472359673122e-05,7.611465251595914e-05,-0.012589723295422477,0.00075404751374214,6.02072309791764,-0.12940205950424102,-0.02066841002591393,0.01436558485305576,0.17355887892831406,-0.09777331488955436,-0.9190533164551151,-2.9862541496088224,0.025717458203434237,0.0011483328120622267,4.839875684950151e-05,0.0007080909653072167,0.023597296145336788,0.026816286224529962,-0.06932248114714987,17.045271083552567,-0.16397295585829919,-0.016338040610821947,-0.028318281419767007,0.6312053906994538,-0.07315287246896122,0.07118716684443928,-0.8522531881196989,-0.004508427783267298,0.02597308110334282,0.05837154227664701,0.08124325005080836,0.06482360522172044,-0.014805034302884533,-0.054016334321405735
-0.000764398103056509,-0.1058417309110563,0.0361570625143608,0.0040404255652723734,-0.009025179788293683,-0.17171625612941094,-0.023329681154354333,-0.1767526950551354,0.11060980381782592,0.010095880133924357,-0.033631419093377614,0.8866435164729072,0.22928390210828828,0.016831252430860564,-0.02811282985646977,-0.6296841851379993,0.014421364264349493,0.025596979832236494,-0.003658387183503577,0.7937473207171528,-0.010663455321756334,0.8429730386899443,0.007715472365821899,-0.6074719392109085,0.0,-4.15988179709575e-05,0.002664281254328836,-0.011796647529143937,0.07466665027786412,0.10058820391971733,-2.1868234115121334e-05,-0.0001425097289179919,0.03230084193320682,-0.0165845800523755,0.0003916468920871546,-5.4810781242168626e-05,-0.5573493868309704,-0.17934912198728922,-0.8630444825344511,-0.23135015668044853,0.011696340215243422,-0.013770302308550295,-0.003399632448480813,-0.7850493781583195,-0.008916899499183785,0.011534438826393763,-0.0011699937703522852,-0.019757536275085377,-0.02290462077824467,-0.03494668145795107,-0.04499488353013815,0.005055871200693385,0.0033335968302090776,0.05594610885642358,-0.03074376883642668,-0.004491782500578403,-0.0019322454838862984,-0.010525026791855246,-0.005322906447664299,-0.11794550210644762,-0.03164221195365973,-0.11300386590872105,-0.0001477736531140984,-0.0004062847575513487,5.320039605102209,-2.2866749510392597e-05,-0.00020541375608778005,-0.016964887303135116,-0.022189404100340943,-8.387545416644546,-0.021335236466537816,-0.026542616840875086,0.01733112312158002,0.13780803816959192,-0.117433014124357,-1.433756819973331,-3.3907353791401245,0.0043652246109051294,0.005279406801920716,6.807550235680226e-05,0.0014367182685499542,-0.07433377125616272,0.09016646595127338,0.015444312504733241,4.280791213845334,-0.7267292830531632,0.010141021701591955,-0.000587108684166631,0.6131158043062145,-0.0686085389007308,0.04314095772693723,-0.15915125736529812,-0.01323805980173505,0.03125554341279521,0.05567778017328432,0.009505049335715325,0.03151022316400643,0.11944141539296431,-0.012832017840122455
0.001391844875639908,-0.15833169129507438,0.010356716639416582,0.002399009639262672,-0.019074179669672293,-0.19616814642093042,-0.0262535083537412,0.0340989874690771,0.15556869255425107,0.008910693987083171,-0.029382739987802574,-0.179351572335866,-0.06361136971668237,0.014254279777447813,-0.029812048384860037,-0.03925805065002722,0.0344916951369256,0.019835745636365875,-0.009232125465113504,-0.36102979360161275,-0.012764488492794985,0.8915868526723705,0.01995654203513108,2.8350389285958157,0.0,-2.095992505831895e-05,0.0024842036171566894,-0.0019723277782660352,0.079007790717521,0.13965640092540837,-4.59611545418244e-06,-0.00021751622129500306,0.02561267288323265,-0.0165845800523755,0.00045031001933132646,-0.0002910685213786694,-0.07765245568138271,-0.14109490951129003,-0.9849176821352716,-0.5769195364909675,-0.001341439632330955,-0.014231005155336153,-0.014523411098223759,-0.8624614753625093,-0.0025318023495528564,0.009018589642569044,-2.1450629708300125e-05,0.0007460603477286462,-0.01847362991322325,-0.013704407078855067,-0.05308401165956174,0.058720046664830654,0.005147049832620469,-0.16195075177827342,0.0761316930467115,-0.02222264884172438,-0.01437853814378823,-0.02032645848311085,0.048842125504071084,-0.4551759380843344,-0.06423030353087904,-0.05186278769745218,-0.0001451067224424753,-0.0004238200606623447,15.039147175778302,-4.24056743138387e-05,0.00014939127830401492,-0.013413024643277717,0.005293750554984176,5.858665673308551,-0.01416361828882059,-0.018251286371041835,0.012735444984314566,0.13835737602242865,-0.11886858213308393,-0.8654895397118062,-2.1702622934613682,0.009666903925697115,0.002011925743683012,0.0003915505040483803,0.0014852450402276466,-0.08256138198601273,-0.012046779892415541,-0.11473255851850564,17.018522490964052,-0.22098320175381717,-0.00952771130622313,-0.009189775262282793,0.6462560493499816,-0.0713781739527264,0.04221086458899898,-0.17548923769048855,-0.0057105373742515125,0.0018781298986479495,0.053890031539340716,0.002906593273027393,0.025843469767905414,-0.020125126375761575,-0.02165579729431567
0.004043871814172829,-0.01969192429649838,-0.026020885557690613,0.009395395972327449,-0.005150163214507086,-0.033018963901177464,0.4283875551660201,-0.1251909905862951,0.08115396580277659,0.022505601496628953,0.1291616037968602,0.80849116973651,0.16457505777928194,0.0408294137533475,0.41125174677304255,-0.01502002390590414,0.007906659934257963,0.05500432187764047,0.009242355135646895,0.7953244034744327,-0.015161576854544681,0.8381853819858511,0.022830258368168568,-4.4674350675019525,0.0,-4.055358613813631e-05,0.002175145092106863,0.07498299305823884,0.2567416166008341,0.29012847679711523,-7.593069665689833e-05,0.0001302441779383413,0.05103393504089551,-0.01658458312879938,0.00038475948293917377,-1.9282573872699577e-05,-0.5581252201975133,-0.1401651258818733,-0.7313860539682775,1.6124105068488133,0.005526573805371387,0.028718003956824462,-0.004354694909323477,-0.14855889695127855,-0.0004342847379633662,-0.007840123323546083,0.00015067078349005072,0.011531030981025524,-0.039460870272931374,-0.02321145337406061,-0.040901703143667076,0.022485918851260795,0.002311560147134035,-0.02564398389797855,-0.006673099276637207,-0.001991657563065407,-0.00808756575357056,0.0027553752650091063,0.03422537991572066,-0.006338905684501755,-0.010585003245438955,-0.030807940631815297,-0.00021519659646942243,-0.0004827193371887455,0.16469691903763198,-4.186563286762606e-05,0.001411272339321397,-0.00807601830010439,0.006840077729815922,-0.17252495305702517,-0.22740479933048266,0.007892514196092519,0.04919616342893232,0.08970491918476127,0.10323332023148418,-1.4291816399266888,-2.837506983405812,0.016278275938166036,0.0020220925969225796,1.0636194737518065e-05,0.0019424453980084202,-0.03588849349635441,0.012634932336804558,-0.01173458862681598,-0.024768055872758172,-0.9528959142760087,-0.013779870409356222,-0.020928948620773158,0.5057476533126072,-0.01719390690162465,0.09178412128380382,-0.06448114224755723,-0.017941059895642143,0.04826157076552654,0.07003965989216056,0.07197921079673808,0.09227526905986365,-0.077227061986571,0.0172717052983221
0.007590784794835996,-0.006165820701238903,0.007026324648558843,-0.0014982321450347615,0.00032427430196202634,-0.040986713053423496,0.09279465408675154,-0.06662661774541542,0.10658525236916529,0.0027055857547605786,0.09321294714591605,0.7341117611318835,0.2389037171335148,-0.0017304472839688068,0.42547367798004243,-0.010646985463696705,0.006564533904239227,-0.0022894458280736797,0.008250619629911532,0.6343866937604202,-0.0045589962523105215,-0.041965100769964035,-0.006419299253025906,-4.280973233628742,0.0,0.00015250325666829305,0.002503451607810538,0.07941469102194426,0.24068893414380294,0.38047328823172244,-0.000252009283483668,0.0003117110631609687,0.01193459324073571,-0.016584543662793806,0.00045801159841637833,-1.9282573872699577e-05,-0.559046674733666,-0.1470035221794807,-0.6601209258813497,1.779492970302958,0.1883551268131473,-0.013013106618340507,0.0036781077668406508,-0.2724989079470471,-0.0019637254399186535,0.041465677356328244,0.011334169508796727,-0.004183493504383789,0.0026749059743102557,-0.027133875574059454,-0.0748108221907539,0.05565273702906413,0.014349055107463518,0.40022721750784046,0.002525945757845018,-0.003372348936982984,-0.00048610127504718486,7.489040318195265e-05,-0.0018297617945130763,-0.07666089743014096,-0.005249496717296213,-0.1105152567684447,-0.0001620950188330107,-0.0008512361974551549,-3.2237890693664553,-3.0566715525508796e-05,-0.000380113956574833,-0.02735491481467757,-0.049527634341347014,0.44046553396255533,-0.47160545528982817,0.0015208024302779555,0.06350868320129646,0.08226319377455828,0.004487044799719085,-0.8831240904176392,-2.9580157876254676,0.019199316697258075,0.01048453117904633,4.176461604526982e-06,0.0008206853326489182,-0.00463654394359323,0.020804505879157352,0.0053512517405173736,-0.06045063473063008,-0.036533202409297125,-0.00942772391487885,-0.03920483402278168,0.48638707371793627,-0.015766180111989832,0.08280685952746333,1.222627955102299,0.005542878404680167,0.0514693206941517,0.0609082975191541,0.05073352624840544,0.09584433197116166,0.7339330243009026,-0.0066934216315582004
0.00031852021894673507,0.25758465649457685,-0.032205369307174575,0.0015114159736864799,-0.00657972472627767,-0.03732211139133626,-0.008602671711045765,0.22322853455137667,0.10352810670262777,0.008997654900922773,-0.018896408839149694,0.7461094737763024,-0.032061947880656035,0.014522955112755453,-0.02930957338699925,0.05368959641585845,0.005673254945034093,0.020052100199947423,-0.010445295877919559,0.03324496725932976,-0.0035480126189751373,0.8797336368847544,0.02389224982446186,-1.5353604859389796,0.0,-3.4919178383636844e-05,0.002369340374966116,0.013864683259844137,0.07153531383771057,0.11595480759060371,-3.2273919379713975e-05,-0.00012930656722397844,0.010095480150386565,-0.016584552873928092,0.0005484174329779219,-0.00022305102225472716,-0.5271799351473533,-0.1594966568767382,-0.6570472182607342,0.46581157513206295,0.017383698453842373,-0.01397649662815989,-0.002797728839697757,-0.15251612647902452,-0.007322131488449552,-0.009994725379137887,0.010117090931527701,0.0077432648738092556,-0.011094903079559819,-0.024232393404112713,-0.08047432302839254,0.0307739145756309,0.015112531467366547,-0.019511174755876853,0.11703986665081739,-0.003907262311766674,0.003178155659597173,0.005039185116574134,0.05162305588122128,-0.05133387495996348,-0.01002622578931531,-0.05437896020258502,-0.0003728629532371108,-0.0009140929963377935,-3.495926423632773,-3.0384106936203727e-05,-0.0006094914968021018,0.0023069290325430803,-0.025665918252299497,-0.635417245067561,-0.08754556915955723,7.002037836129847e-05,0.01586097486288427,0.03897749422557667,-0.009909736241056429,-1.3100006746065163,-1.9813887187294348,0.0017566324455425917,0.0021048593910502336,-9.22800338786141e-06,0.00124117192466363,0.0207300270767559,0.03462824589167343,0.21478302574610966,1.261714451370554,-0.2531393962725524,-0.008603038521618183,-0.0021799615274967227,0.5553085387188287,-0.01684310320149348,0.04162953882932003,0.009461767915033682,-0.019844486499438554,0.04004149804999893,0.07949863653263801,0.0066027746360878955,0.01957558050198038,0.10014992887295705,-1.1914909993643313e-06
0.003867294160008802,-0.13360981759946355,0.02782129747571891,-0.0017316078911489385,-0.010874794141950164,-0.19596603041684688,-0.04321512101654566,-0.17230614229425154,0.20554090792189056,0.021422092962267533,-0.059819413176262895,0.7811515599187943,0.20968988571542777,0.045324124155434874,-0.03886125487293061,-0.07642077357130198,0.018204619773530342,0.028455096339554738,0.0007477633490379775,0.6673226313576451,-0.002729031455036242,0.8236182232848616,-0.0008345360793130649,-4.762665222776666,0.0,-2.093798177392578e-05,0.0025070815481475013,0.03729764576968802,0.27898095752376895,0.34985797281427267,-0.00016578957553040007,-4.938144331632302e-05,0.021525612407300065,-0.016584537645062958,0.0003503096223161089,-5.5640656790277475e-05,-0.5537091770225253,-0.13486552231664467,-0.8975226940374857,1.6571238692159955,0.2035087886151525,-0.005874686158630372,-0.006081802092040189,-0.8172367037733571,-0.0033567456064955365,-0.007284894699615367,0.007236430513802289,-0.01257918229276931,0.0038790311946181565,-0.03980166592415498,-0.0632347632364,0.0652502979991271,-0.0039625785780758515,-0.05974891866843122,0.012393193488805557,-0.0019279563242637094,-0.005760873284433662,-0.012956359263747904,0.02379936736992301,-0.09259841186647623,-0.01337537077346322,-0.10805886696681549,-0.00014497558837666639,-0.00037624345657863255,2.60166135937346,-4.284942491986908e-05,-2.4985315713840452e-05,-0.013174773143225522,0.02024132811501561,-0.6598038080316692,-0.09990303582744868,-0.004456893558619414,0.015696397176046293,0.13405600833679726,-0.03364120080380178,-1.4841988224674665,-3.8727340487451736,-0.010684290101104974,0.0006816908769424766,0.00021092339610087436,0.0007355182886966096,-0.05004807206060216,0.09628528366980285,-0.11083196010242988,-0.12709016366651119,-0.0977635086800006,-0.012505330727614212,0.010360437014830396,0.5241792460536628,-0.06995186442369268,0.0910734219755222,-0.06900739809315184,-0.0021107490834028505,0.033427657187497115,0.05948417620225081,0.036954176604955646,0.09456476292772556,0.6940766831780597,-0.005305045939615656
0.0063434092019661915,-0.08150722796425511,0.03461300408053748,-0.0005720995102163955,0.01280316628938916,-0.17738917161297646,-0.05312005508371152,0.1277827122972496,0.029300770862771608,0.01821776780508747,-0.1350565110627113,0.5312390985202169,-0.11785294235122314,0.03887344656162824,-0.08301556058167621,-0.03582629315771197,-0.016395142319585485,0.029040621593161228,-0.008177440821526171,0.07439176924317235,-0.018744855745959514,0.8672024627167049,0.034528380416535415,-4.334367776341364,0.0,-3.550332266120502e-05,0.0024904190409237525,0.055966429143857896,0.23592680336723415,0.34953845787056487,-0.00037888421109720315,0.00043567859006492975,0.026923896185713465,-0.0165845800523755,0.0005589867969334758,-0.00011305725735884485,-0.5253771002197555,-0.11997193954346484,-0.9732919903440728,0.8555848316753895,0.06090098908847343,0.0002776010246156406,-0.012764945533896387,-0.7929250959273372,-0.0017688533340447764,-0.2503955410170659,0.014948750393126176,0.005083391100157895,-0.01637381446574767,0.0003369380094056116,0.01141591916615734,0.07262333922027016,-0.0005400860809031386,-0.07791964392154227,0.058721933379774036,-0.021143855395154388,0.014163175142019736,-0.011305793740047854,-0.007663794814084664,-0.08881930602536892,0.007843455322499759,-0.04139309802313572,-0.00012516732268218233,-0.00039614122016316615,2.922300479204781,-4.368670586948818e-05,0.0023549015553112414,-0.0037913903911612284,-0.011057893107797034,-0.6284004788345963,0.03592143220939732,0.0041243076422756006,0.014297417021248501,0.20381567221931482,-0.07141363384525676,-1.3947710494246164,-3.139924696700589,8.737353461881706e-06,0.002014554335936711,8.010086898260596e-05,0.0008325048352987109,0.0444305082824057,0.05262486377369609,0.025347439255284415,-0.1334186922252784,-0.1545682158719295,-0.021593281937991912,0.0005550575912559203,0.5936152481863662,-0.061405261363987974,0.09589273474924782,-0.09068351114995465,-0.004749009615185237,0.034054154169171416,0.06399424923341859,0.006835301040318543,0.012356475528802209,0.9421244635549908,0.08540740605444908
-0.0009464124521663547,0.028515164120626515,-0.024630768206611746,0.0008431164715503641,-0.005067117754145671,-0.04395846249684337,0.4434532473335581,-0.042889941645028705,0.12264471808347305,0.0025116664040537055,-0.015213448560768113,0.8259108741739978,0.27324471374352083,0.00628376998365412,0.4297886293319282,-0.007874509359600847,0.006071305851019778,-0.004962312298879494,0.006108216996655903,0.8128614374564478,-0.001580133607127375,-0.03894781800295982,-0.006523758524388764,-1.8896827750839058,0.0,-1.4363109297077707e-05,0.0024845953662908336,0.009112370747687176,0.06282765596449287,0.18165748364700168,0.0001652155456362892,-0.003783824143164988,0.05131064023884326,-0.016584546409780035,0.00031586775337095807,4.6097659023406365e-06,-0.5587605001481869,-0.15157117968944464,-0.6638866390767414,-0.3734763855126989,0.039219577664098074,-0.01176678030194155,-0.003503114914448311,-0.22717319861446492,-0.0016627466978567365,-0.014224027151015388,-0.004211932674400111,-0.004661150475685752,-0.0354361111018376,-0.032453046953358385,-0.040771607436193874,-0.01610641997308018,0.011203423332692706,0.021187953569438162,0.014224398568457489,-0.006068110982129486,-0.003204936682616729,0.0026136651832992723,-0.016377821877052685,-0.03670866341733049,0.004696025993954706,-0.04400658461935342,-0.00029486578667640675,-0.000662097753717832,-0.3329733018119488,-2.8327013946976046e-05,-0.0002606460909726526,-0.023274045170121067,0.13785480194837665,0.13207554206052582,-0.21582624124565775,-0.010104352985712514,0.03670876701014359,0.026455299635668065,0.05655278362153859,-0.8663313690020298,-2.612769393680406,0.015689628565180237,0.0011124262734556242,5.7023756120883976e-05,0.0016470260645634622,-0.03638424559167799,-0.021838453866004175,0.010119502513113018,-0.06708047781377265,-0.9662148626093536,-0.018908312849211895,-0.027619253650182696,0.5397788548881296,-0.015779681747435492,0.04949618460158536,-0.1182726988934005,0.02074453354961556,0.03553892051324254,0.06134869101302523,0.0327900198603869,0.02498208794896864,-0.048524954748300445,-0.009578651963887614
-0.004738146020035814,0.12075893524056815,-0.00453228231112133,-0.00045632787594951634,-0.02152529618099952,-0.26272355498604005,-0.05248187406421991,-0.8945491381744537,0.2140620270740279,0.008833173455361106,-0.03289188422076816,0.5686628351502268,-0.04411822511384149,0.01638953048589907,-0.017546020943948006,-0.25222784527680525,0.021763587021845766,0.019058202244717697,-0.0154231707711907,0.06891166791474913,-0.0038155399319310893,0.8793139359835441,-0.0008844575630698048,-1.256686861243745,0.0,-1.4207626443001928e-05,0.002497824467900302,-0.006122639690764341,0.09356231551803239,0.11185548046374195,5.7670424689108614e-06,-0.00019893783814162142,0.019353821971882304,-0.0165845800523755,0.00045584927382826923,-0.0002093521528291401,-0.6104930487052899,-0.15610766986742913,-0.8473380659390589,0.33498474043629045,0.006470852214477469,-0.018164756786777935,-0.005054963631706578,-0.8052288450755062,-0.004043648971475773,0.009412591486543982,0.008541429135286634,-0.01551353964970281,-0.02172692350547054,-0.03043476257708264,-0.05454191491660504,0.016090301275383665,0.007451884595227332,-0.06556098207839828,0.018042566363277602,-0.00029265092588945027,0.0012410932481589235,-0.007184011031880967,-0.003408113731781505,-0.11224504827277801,0.14544400160067633,-0.10872639488587303,-0.0001441371689246403,-0.0004208444073285177,3.298134727954077,-2.4176040378464925e-05,-0.000226014714047944,0.007028891177919389,-0.021862708440925055,-0.8159687338614475,0.01202303533288961,-0.02693880403030859,0.00919514670507205,0.10502786371096226,0.003872950956826509,-1.3105073590344332,-2.1070342566571276,0.021000595022943006,0.005275648920895706,7.146294343864814e-05,0.0014154179917386944,-0.12150138718463512,-0.010336379152760472,-1.0359771999690293,-0.13990340451274882,-0.27950586817572914,-0.010471116454165963,0.009158292371146336,0.607161067996626,-0.06957915801861907,0.04065427159305333,-0.12417012361741686,-0.005724367426853888,0.01239276040395565,0.060488046521474007,-0.019341047889892816,0.028669124069512008,-0.025096832536509583,-0.010161093097738652
-0.0016312831674283475,0.02618209262157856,0.034890314929949415,0.000267053872535954,0.020968282123901776,-0.19583355514987372,-0.02542570554286754,-0.925549425008061,0.1526861080439076,0.010863449763536285,-0.04103777285115739,1.0869442131079112,0.18865064706223167,0.01951862035034206,-0.02941271128956962,-0.24342572025610085,0.02529125900273438,0.010436699992892064,-0.004957246127918267,0.8068971299224746,-0.01084359900774806,0.8459345432325701,0.0044781623535004155,-0.612713792527789,0.0,-2.0862036317617416e-05,0.0025958457534801097,-0.002961866533210146,0.08355867396514077,0.11315020977851327,1.169137307360826e-05,-7.492848099292284e-05,0.021467325557066607,-0.0165845800523755,0.0007685148848837206,-0.0002093521528291401,-0.6255632967111241,-0.16701101115264988,-0.900354621037656,0.3348235886120128,0.008474563203392007,-0.01590296909406841,-0.0019358499859676204,-0.7781425614580738,-0.010069555777129195,0.007583386698981673,0.014321602315053607,-0.012131224835434317,-0.010568783354097005,-0.03183260354735417,-0.0571588129819009,-0.008217434942001499,0.0034935171169312223,-0.06614122012848472,0.010497369691413308,-0.01988031139850828,-0.0031495070062779107,-0.005139714039506624,0.05670031026118104,-0.1199140420086436,-0.03251353680589118,-0.048721447043342615,-0.0001457240675548863,-0.00038905168593303526,5.837957809227146,-3.1274462166951166e-05,-9.707189001448212e-05,0.01025945308209908,-0.028721070259105873,-8.27132399734011,-0.10483493641271993,0.0007258232592255008,0.005246382542539808,0.14272192308231302,-0.06400249662029212,-1.4435411557855127,-3.402693105268605,0.01126766780472418,0.0011418454872363071,7.235690093185527e-05,0.0012870573540477261,0.013259143140772372,0.04606529109809495,-0.988772009968346,4.26219144959482,-0.3574316685920443,0.011446799115374913,0.000438826195858737,0.6325503883109177,-0.06799750466589004,0.04403620337687888,-0.08446057128123131,-0.003931464829624092,0.017180953177099646,0.03433324729447142,0.004643884797532695,0.010504353174951438,0.07470502465987426,-0.0035521942644259406
0.0026370384150881977,0.03826277383832311,-0.020125642221045664,-0.004079401732329346,0.004267141896955603,-0.02702508485531484,-0.04889996307400468,0.011590432132183744,0.16560211378006304,0.005256179359842945,-0.03729997966885956,-0.10083532563157946,0.23273120643218084,0.05347230020674887,-0.06337087807218555,0.42358025436446595,0.0009730622749600103,0.0049163790517020075,-0.0052564655370976945,0.00636984556940475,-0.008439945657765615,0.832735680817869,0.01828247001989637,-4.410984054967267,0.0,-2.920400222854618e-05,0.002371788387321921,0.07736941690455118,0.30249382159317745,0.2952812514840049,-0.0002299400939640043,0.0007435630342700652,0.01712349992133034,-0.01658458312879938,0.00045479087881419064,-5.210524331869008e-05,-0.07796191130864939,-0.1475406378683352,-0.6391051329078395,1.7823252275137995,0.06660409744714021,-0.02142336008485895,0.0059405729394040535,-0.1518011939548053,-0.0027109231654547337,-0.05481630090439872,0.0056703238329786345,-0.002836975752148521,-0.04142700134122516,-0.020861327555190677,-0.04255627321163503,0.05684517852914614,-0.011565854541431183,-0.038177104795012295,0.003692798720613397,-0.0016286102860727006,-0.012391841021609538,0.0007014752122840987,0.03544370740865496,-0.06272806479221563,0.15070926987262592,-0.046502682430285505,-0.00030661813222975697,-0.0005332072037516797,-1.3319759200056334,-3.3554737243710536e-05,0.001026088320341063,-0.019058465893445276,0.011879539675355084,-0.6988353952630579,-0.08795231372084725,0.000660546014220714,0.02337251437975017,-0.005524526794783364,-0.03212793839634394,-1.441197624901527,-1.5795625063618954,0.006361093637491853,0.0006817528064386136,1.312501712393855e-05,0.0024297568389546227,-0.07297885176682457,-0.004195535578272001,-0.024078373480167573,1.0189983252252743,-0.035540210270323495,-0.03182278548946069,-0.0335762626647248,0.49018401537875045,-0.0144560660372304,0.09150986172480119,-0.10958295393171645,-0.01378125883216274,0.05347731677742052,0.055071930013720946,0.05971937167074126,0.07392485825223558,-0.04873070361219389,-0.008733277177998044
-0.0004257321306373948,0.27670117939622463,0.012343703665992516,8.048818632613118e-05,0.0010723943898852477,-0.1774231962426536,0.43863194758621415,-6.281875942538322,0.1272932710441916,0.009718917976968791,0.45415827131836123,1.800873443334256,-0.5490290516445856,0.014454794963743816,0.3570551521022472,-0.6515309969140481,0.015864223485522223,0.016546752036917457,0.011408152477715011,0.833531982315357,-0.012354959002322136,0.8908124573557973,0.02609442831970299,-0.02907756831213477,0.0,-1.8763992186995808e-05,0.002370345310297879,0.0007443449224815766,0.09124269795125253,0.1071152717276469,-1.2284221424008407e-05,-8.067213982326949e-05,0.05562235184906905,-0.0165845800523755,0.0003899901667275127,-0.0004973516268729392,-0.6119404581725113,-0.12887843601796634,-1.0097754310890694,1.7810655000550197,0.031106778071631067,-0.008274683478551554,-0.0023070580797800036,-0.7278308684516461,-0.006164343874753931,-0.004896883066628041,0.005439275824119569,-0.022762528109091722,-0.01056041631109702,-0.034011648085760626,-0.054527801438562624,0.05856360061207715,0.017736741927016023,-0.08027845442199487,0.02442153597503791,0.011313240963619959,0.00509999714906376,0.0013111091432253933,0.00898344424282276,-0.06222651695216179,-0.002947497610776041,-0.11278203760598352,-0.00014696644826583656,-0.0004216433533939458,7.400698523777769,-2.317677810038173e-05,-3.971792372738518e-05,0.07044841330020431,-0.023735700100144877,-8.32984833191153,-0.3627359072470633,-0.001553528979743858,0.008255676231076954,0.14768566375570408,0.07910531109322506,-1.2337660355759823,-3.332182207409336,-0.00037650612074578834,0.005209782226042313,7.185285826137384e-05,0.0014860792346234207,-0.05183469226601037,0.0504323088742255,0.48288513369321595,4.206558514458883,-1.57377161642146,0.0033664594088674417,0.0033824393288865114,0.6107519608847912,-0.06978652931888661,0.03947860824232038,-0.06939953587688034,-0.005820834200596381,0.019270343226736947,0.08166015044049683,0.009232104041912177,0.002635890654997063,0.013260211031073896,-0.01761497795720313
0.006070096663764005,-0.3851915670048264,-0.05825475040645596,0.0005312455661452565,-0.007275505745433661,-0.20928920016851646,0.43974228421951067,-0.19408026196838665,0.11811477786081918,0.0201619347918754,-0.06405989781513512,0.886062048355282,0.2068217670543189,0.041613414993893046,0.39357410333657983,-0.08399921985698862,0.01140888030635594,0.03152740517700535,-0.0009340690058956152,0.7969149362053289,-0.01145983760486804,0.8277381626486705,-0.010455187689499415,-4.404193463537015,0.0,-2.8676038155164068e-05,0.002240226912908646,0.0726922249186377,0.24659220374163104,0.33954089556010414,-6.805283995816043e-05,0.000227543787204239,0.05757163691392834,-0.0165845800523755,0.000455006550962693,-5.4810781242168666e-05,-0.5575470066465968,-0.18487897297488315,-0.964991860699744,1.6498847819358182,0.06359099124286022,-0.010275814207061107,-0.0166602731053702,-0.7840356807823082,-0.0010413602719703471,0.01329376101419976,-0.0012204012578713329,-0.006189690989691998,-0.014020344588778943,-0.007161108468285343,0.017591536160103532,0.03634705697358531,-0.004404039566572934,0.13906990096484936,0.026605815780447285,0.0017769903761894875,-0.001445046788104822,-0.007494265233104718,0.027200892912870936,-0.11119182645407068,-0.06186332368234503,-0.05239139468932641,-0.00014644642622687796,-0.00036552238137162234,3.1238358065339145,-4.3752455871571975e-05,0.0010030363053765683,-0.013418650336172285,-0.016615428439065518,-0.2958224301240828,-0.42880771954248603,0.006668008007910178,0.01476999030202154,0.1886641528170054,0.017670408630244334,-1.4922146910876737,-3.431740113179777,0.0010650113741478085,0.0006812007246689312,5.836084596727328e-05,0.0008348745217878427,-0.03629119341968694,0.15048356593853257,-0.06148902771344064,-0.12178463602629824,-1.0246932762106666,-0.032019968612908484,0.005021833479486407,0.5714597501665436,-0.0607723670150546,0.0899677037012026,-0.7706721043693167,-0.01907933411336649,-0.009096847604234596,0.057790855081282254,0.0028684364776110135,0.06651820796563718,0.10800983845497447,0.004999517616391289
-0.006695242619100389,-0.127784188101775,-0.03599017562109023,-0.00186641581186384,-0.0019232094408451876,-0.19428994785218529,-0.005982908410133209,0.028065289647646374,0.03969583682983341,0.022066440864304194,-0.06786113237089672,-0.13306752901218338,-0.013445317417390785,0.03598259663454184,-0.014650647372892596,-0.01741935137441029,0.007068209775274945,0.05458439961647756,-0.005314871183745745,-0.1565878359944459,-0.014144848115582205,0.8657398218154642,0.018315050513102702,-4.079001061105644,0.0,-1.3641944405914654e-05,0.002655159741826572,0.05025276025580904,0.26059281611478013,0.29238579787804553,-2.5356470313698623e-05,7.086117885547248e-05,0.042728624387939,-0.01658459440496978,0.00039206150924259446,-0.0001281040812174024,-0.08050539643936278,-0.15471503579271345,-0.7183328971783872,1.7071741481875826,0.03524693416896099,0.04745404470789133,-0.00971681433965968,-0.6396343734705312,0.0011868323267986613,-0.002000653593694169,0.010698926496406046,-0.017901436079781435,-0.004838023908998787,-0.03430891413149258,-0.039918587909935924,0.017915947855528365,0.002185065312249722,-1.0214253377749267,0.016803379966543276,-0.013599365191507267,-0.020466509647358782,-0.012158090390508738,0.028471048672392422,-0.06509678856439195,-0.03809149828499673,-0.12255824965940856,-0.00012911010953652125,-0.00036601603509015484,3.9814083291566646,-0.00012378231931216727,0.0008513845484347717,0.1464857767152253,-0.009674074491443198,-1.4689013703323217,0.10787755274341301,-0.0016928421326196043,0.009321936073403009,0.2325973311453516,-0.06329467956003829,-1.298349962591269,-3.079242289073749,0.01047983357966332,0.0011072527753727124,2.0881273508845633e-05,0.000678272170318701,-0.1095909859291895,-0.006395266033257003,-0.07217740570136769,-0.11113179598284431,-0.13612280315750513,0.033844488001399456,0.011241503677419634,0.5614965041352724,0.04920789139408824,0.11793724670813675,2.3697824704808546,0.01084726065763855,0.035203351999221415,0.05085440865395845,0.00036961434660247663,0.07061928459725587,0.8727921915552198,-0.011866450295422007
0.01233031997573365,-0.12541073553150645,0.04561418427064842,-0.003715755163579245,-0.01001423519293617,-0.20041645348356096,0.2161896970304865,-0.7325385853963795,0.11885797713614821,0.01982958797191382,0.2575307286217223,0.9114236926082859,-0.23435288768828397,0.044318136750672595,0.36440974626129574,-0.09744492882342182,0.0031205805480816824,0.035010859310721044,0.005395912200918803,0.827960755908321,-0.008575030774357582,0.8666478232166884,0.3091875897752566,-3.994044256639765,0.0,-1.7494739143022313e-05,0.002503076253292293,0.04664753572478011,0.3283748152037296,0.3730543722071694,9.362586197528265e-05,0.0005788593033060537,0.028104683584268726,-0.0165845800523755,0.0003469081096629769,-5.4856885439285895e-05,-0.5225204758801102,-0.13878543148576494,-0.8746386967811218,1.7076711784968226,0.003924341563216313,-0.009406037853609842,0.0028947015671613187,-0.772054285440534,-0.0014336333224502004,0.03214236107685415,0.008367971701679473,-0.019143213570309667,-0.016708519786296994,-0.015517985505372782,-0.056109864083821105,0.0755938193813976,0.0034636394006858913,-0.059589577668961696,0.04832813086213652,-0.00370800379815981,0.0025017864295377775,-0.015536267397806213,0.033387931208517074,-0.0794302574624159,-0.01128532832370323,-0.03088139277446455,-0.00014203637183567082,-0.0003956455080920943,5.568974843479062,-4.284716287271974e-05,0.0006093163369062888,-0.014176713010871955,-0.0015772322410785814,-8.721788819480206,-0.4768202006836475,-0.0036777825229788274,0.011452547537486198,0.14613228070428008,0.0006111315476135696,-1.3414141741174372,-3.512342200959117,-0.01278607977102007,0.007495495619957982,8.234798206621534e-05,0.0007593431350209842,-0.10019838069076746,0.052016252714755504,-0.15456095201001935,4.213748858672277,-0.3190689809187678,-0.006908545889331671,-0.004059662165841263,0.5129785453764676,-0.06777972054353065,0.08846707140672197,-0.06824313341771195,-0.0016860561393809731,-0.18788808485697409,0.039921920668057616,0.034277114006544485,0.09743645566982094,-0.04324398128448994,0.11544365122234286
-0.0009918498947926754,15.171047316429862,4.820819227435074,-0.001138087893295672,0.008880384606962626,-0.2589604041666109,-0.013311872112467177,-0.5396006748136795,0.15017438563774851,0.02479193313405216,-0.018441092322656644,0.899749867132073,0.20880518362095205,0.04193145279669149,-0.010833336351038973,-0.08641514525614821,0.019022619805997676,0.046202009971404556,-0.006324627884133214,0.8257226171384732,-0.002233448822099156,0.8255022203348147,0.10554461899921054,-0.012939301033497835,0.0,-1.9485744394666127e-05,0.002543164361151549,0.03533542325682531,0.26802285580787233,0.36093540337059,-3.8574277921614054e-05,0.000618925524378706,0.02851322956779439,-0.016584575859144066,0.0003455272073484628,-5.4856885439285895e-05,-0.5536861966430476,-0.17428447780693399,-0.863942313077798,1.8498331089103701,0.03420013834983905,-0.005411500899833345,0.09273164396748106,-0.7860201783900224,0.0011555444492918183,0.0440300810399011,-0.0005114379507230026,-0.022600677790824003,0.020211806550265814,-0.03853401194133046,-0.05770024401993239,0.03969209430018963,0.011889252077609531,-0.15350146769045983,0.007817293867319367,-0.007894264489216367,-0.015182963119575897,-0.002430741911578496,-0.006143822851520101,-0.09371753222026097,0.10529584577559535,-0.11234600396395865,-0.0001437075905579331,-0.0003560129758514154,16.271549434348533,-4.361201077463827e-05,0.0009715139837760862,-0.01443446764183119,-0.017716420474203968,-4.117257771810661,0.03643703902671643,-0.021501441825070956,0.010158900950855606,0.19103745186840212,-0.06219560372894296,-1.426850799890981,-2.9819292144965166,0.04196924073369836,0.0052735039228307716,4.4210277546214044e-05,0.001168076661709059,-0.09142552977169884,0.04211572675199552,0.02486354060570087,4.045407947016626,-0.18361370435111857,0.07259355331669441,-0.0025604024182828383,0.5729954930567511,-0.06869184290646646,0.10204956041640977,-0.17538245706434039,0.006707414903041529,0.438370718954792,0.06580287404637566,0.09425545787487169,0.09344235166736997,-0.0423094707553417,0.11495646647894779
0.0011425441557873597,-0.2286645115199089,-0.06227117650551928,-0.000918790577509542,-0.0034480855661939563,-0.17133079593393222,-0.01917919744341629,-0.18970838571686313,0.193570791942101,0.020603108805566636,-0.07312913130211547,0.8196617232598361,0.18069502818623576,0.03928024548717168,-0.015689596075814334,-0.08590146830362365,0.004868767236554039,0.040978852090192704,-0.012898943317846542,0.8341425151647129,-0.012124901680166627,0.8326430573581273,-0.003505043860946633,-4.816006450713896,0.0,-2.3964790995020114e-05,0.002291850817232498,0.0944229491802151,0.25936017163040553,0.3659159002142066,-7.889857065347874e-05,0.00014246279654595386,0.024229386535131296,-0.0165845800523755,0.00045933518227404455,-5.263565741833625e-05,-0.6251093594002347,-0.14220355827167488,-0.9420796418810995,1.7520635651473833,0.07440961679988313,-0.0145828736455326,-0.00808321616874087,-0.7877603128497082,-0.0077246728587243305,0.007528999222406446,-0.006253839646472466,-0.001021382650067703,-0.02855139559678177,0.009948809382498066,0.021133439619499733,0.03831739553793509,0.001126509846432139,0.05616530920682983,0.004051950641400219,0.0011077114793443346,0.0072558566618641735,-0.014889168387039561,0.035563881272643136,-0.07055907805433304,-0.05392179854873962,-0.09963717614262299,-0.00014552735503533013,-0.00036300137296277655,2.678938266837018,-4.2824506768015886e-05,0.0011273105064414934,-0.014379736805148051,-0.009614568998140267,-0.8250309670250224,0.00942435551710997,0.0033506184310749822,0.016057730029918227,0.21292882031908372,-0.1018339630798592,-1.4899180004123163,-3.36616680846751,0.0007599440845464686,0.0006474772527719503,6.723187638964409e-05,0.0007921733768819721,-0.03356905094934839,0.15465297750493584,-0.04495846685220467,-0.12885855863947546,-0.1247787481037529,-0.013886891538762922,-0.0005882656592806954,0.5705532425346047,-0.06263818251894783,0.09606686808411154,-0.17623313646475652,0.0065867713465207,0.05994673445081202,0.07138813054846557,-0.0002513349616578718,0.06591342278638138,0.012163270848775196,-0.0012517177624659231
0.005392073751951471,-0.10596409235922036,0.0548143822846945,-0.003763546627084344,0.006248100207282358,-0.15770421383107677,-0.06649575913914084,-0.03552980710436579,0.14088352157631998,0.021548291316700552,-0.05486222130477325,0.8373800961291671,0.2308128362721407,0.04356214231162209,-0.119422139081966,-0.10116298738368569,0.01117932819023122,0.03793906892890922,-0.0019796564135562554,0.7727323844148517,-0.0006124914201881604,0.8234816719897904,0.008644528206182505,-3.603965748047586,0.0,-3.78697338054404e-05,0.00265972844084703,0.05343425942044275,0.2418619872977534,0.31357522965490076,-8.931466061135129e-05,0.0003622418392257104,0.025831390139597104,-0.0165845800523755,0.0003895446529146892,-1.9973908213603424e-05,-0.5575192618071833,-0.17437180361393445,-0.8112869358715276,1.7564918035914667,0.07329052827609504,-0.012213760782034096,-0.0038594464064371807,-0.5249925599686766,-0.0037046051242099333,0.002345676238440472,0.009143032192331615,-0.018843717701238074,-0.023634070033065085,-0.03429326441628475,0.014037546269677416,-0.013854014537889717,0.0007131231296867824,-0.02888464536647075,0.01319420690122025,-0.0030279752624793707,0.008959526005809055,-0.01830519361311859,0.033759163079442545,-0.07403787720423635,0.132661602858232,-0.03522744917867103,-0.00014395516517180654,-0.0005459083617300619,3.645219568646353,-3.301415816892502e-05,0.00033899911963382426,-0.016298607434734262,-0.0017422841760734225,-7.802007339200798,-0.30145296676169103,-0.02146128577900724,0.013016456862317543,0.03145363855168412,-0.038255055423638,-1.4435895051638072,-2.983220860631915,0.0016278613095422308,0.005276270168635083,4.725911759480247e-05,0.0022305484020621238,-0.07502854353236244,0.02438955140883982,-0.11340581664788137,4.272475790380271,-0.16564918905328133,0.01641399577685137,-0.002128948937668973,0.5539577231129549,-0.015944630533362616,0.09164693925797986,-0.04906080271309358,0.005417380495220724,0.03933878876604961,0.04883838630404407,0.004992098799427717,0.10072408874227808,-0.04940357120644109,-0.0008726405355945745
-0.002813076314996526,0.0384246787264146,0.04876752264589122,0.0016964820603615261,0.00925891515670387,-0.20083229236758676,0.4368458185589673,-1.0677706862038374,0.0937438586634232,0.010384554497715059,0.26845491228850066,1.1789104725800437,-0.22628966110471016,0.00017108831964597203,-0.044644380290706644,-0.2369110897904891,0.020661892014851337,0.015756465317903187,0.00894794682021537,0.8085332318213763,-0.004016204826955776,-0.035749959895442884,-0.009643511878758091,-0.4453680498189342,0.0,-2.131987345957503e-05,0.0024834536331606975,0.002985570217875798,0.0756510424420306,0.11581401755347787,1.3181394992834886e-05,-8.19095309556754e-05,0.04856286191482485,-0.016584537645062958,0.0003889520382068062,-0.00020515188675837253,-0.5258335508027662,-0.16048204345925246,-0.899616213369058,0.3622209763076724,-0.011458411404696651,-0.011515154923098883,-0.016322870072709078,-1.0071561389834902,-0.0038423506110202964,0.00911594614051978,0.010999944079205246,-0.016633029661902554,-0.011647421446742388,-0.029526026307599245,-0.04971457107110002,0.005334030139468216,0.005961668151557298,-0.1489482123546493,0.01012130764523602,-0.006123176559998759,-0.006309194496602474,-8.238786117918326e-05,-0.003747378921760089,-0.47413372092889305,-0.019873556683189013,-0.11457439313573665,-0.0001477568227629947,-0.00040942940614949327,6.2782958798231485,-2.804180244951857e-05,-0.00011884527883671906,0.015168015362601319,-0.02447414493124006,-7.847949308339301,0.005140941074332715,-0.02100593878292251,0.011501378646728112,0.1522678716206429,0.08594961218632824,-0.5862995607308552,-3.1594736957738667,0.01476774044721493,0.001166680356490668,6.518819125885844e-05,0.001345868518696938,-0.08543556998142118,-0.005706567561195769,-0.9853590271057303,4.269650998221725,-1.1834920373060696,0.011810117748949618,-0.0016165890694077446,0.7011226839658888,-0.06766030293502044,0.04160922955885033,-0.16420032230704465,-0.008514279299781422,0.01770520022779438,0.06425546190707591,0.06482846941709419,0.04013864162129568,0.12386419943938719,-0.03468112172368434
-0.004690542966596067,-0.03331835950547086,0.003612130783654732,0.000527184896657354,0.009600646871743434,-0.0439483565049959,0.43187998512361603,-0.02263714599686513,0.15841802167624391,0.018038245367589908,-0.029896881504784777,0.8215992695715901,0.2394117849677511,0.03335135870260489,-0.06540029031116425,-0.01635803426686483,0.005519522749621706,0.055896499607060585,0.0009747306131375308,0.7243945914722413,-0.004620773293469679,0.8177166847303139,0.008635359249234833,-4.632796726739468,0.0,-3.924435674749308e-05,0.00260527178363343,0.07859381731175276,0.20935536859311407,0.2887863920955789,-0.00027690273833818094,0.00035763961529077285,0.05060605020723784,-0.016584587322030817,0.0005514895963158992,4.6097659023406365e-06,-0.5581664549661003,-0.17477866295341976,-0.7264382026895757,1.8565521183083524,0.05003713080808084,-0.012769508882525581,-0.009557512275614594,-0.16366630877372068,-0.002229582424038224,0.03901995984394359,-0.0036460287033208655,-0.013020973142528494,-0.028317445645968532,-0.02424496502564543,-0.04297991482758204,0.029438732779915842,-0.007828625137066255,0.23740123921971729,0.05076025781468646,0.0027827979759329643,-0.018928930502241578,-0.00013393875233501666,-0.009928746328934217,-0.03713238026274543,0.0009752704367595527,-0.11128318933200487,-0.0003345207366350701,-0.0006228289559773941,0.06702054185304988,-5.987174871803086e-05,0.0006074834222198633,-0.02012836893305472,-0.00631868407346752,-0.18377933101141392,0.0784836671859616,-0.06216882716433873,0.015802107584064848,0.08550035412394633,0.060346848388335664,-1.7655185258115602,-2.929066730696306,0.051349418612660847,0.005337203021737924,4.478625772921118e-05,0.001619715552152756,0.05574789083317846,-0.039195314999416746,-0.007974792705373662,-0.032376849273989095,-0.9974423973662381,-0.02293737232192012,-0.03348124226797243,0.5247961464104031,-0.015409312076005545,0.08219308226393211,-0.06640391889612578,-0.01047246650918547,0.05195501376432831,0.05023894631884774,0.0031411271949243424,0.10331244058115865,-0.05387075673571745,-0.011369652295019916
0.004504156707122674,-0.15391406684160233,0.06674017837224828,-0.002224175363983713,-0.008379604130809489,-0.25746951918401745,0.4292938123037609,-0.167694529834091,0.13846242289356323,0.01771525981879756,-0.12853990696238193,0.7123584093724414,0.11116508925287863,0.04278596973815294,-0.08933118101342873,-0.10934295360726616,0.004536492134612639,0.029878212702204036,0.002686637803462389,0.6536371146569582,-0.012910001193620976,0.8278515223854374,-0.013144149649237411,-4.60555266086524,0.0,-1.1512357066428905e-05,0.002500864645139335,0.05897779807252366,0.2583028568342962,0.3790416282326875,-0.0006587941098751171,0.00017427296924571348,0.05444955602334871,-0.016584575859144066,0.0003461198290514007,-4.843539134756876e-05,-0.6214777775905813,-0.1372715750036964,-0.8950988561088465,1.7576373614304508,0.0698972171342857,-0.025251668995182552,-0.00846814249780084,-0.7815869938099284,-0.0033685388564979302,-0.0009030006838369006,0.005671638331568544,-0.01600715985739368,-0.016708918812498624,-0.041207484771523244,-0.04256819024562718,0.03977343505540689,-0.0035854052027395503,-0.1600334847175843,0.009028095711969114,-0.012889676788950739,-0.01871788729685433,-0.013978257669001437,-0.021229211726957648,-0.44163230377683194,-0.06188805372161016,-0.1117757197054041,-0.00014583342542994295,-0.0003969510586514567,3.1660706328974753,-3.996144152513116e-05,-4.941085973865543e-05,-0.017929597187814332,-0.018623635970912454,-0.36603846063738016,-0.03441767631322675,-0.020765987888283613,0.010706844196949806,0.17319512812898202,-0.027994518905795403,-1.5759411092268114,-3.782183521473702,0.03835032916380329,0.0006843297358822575,0.00032338559415423106,0.0007081851092278299,-0.006988925833759957,-0.012915378676295396,-0.12849542596963676,-0.12110230270628271,-1.05632099360316,-0.009760123797890496,-0.002567093991511573,0.6548429172007509,-0.06603283178869529,0.08387215624188527,-0.1631184656620627,-0.003307835579987904,0.030762860452392758,0.045472155079929674,0.08906230571075846,0.09249193882792084,0.7058950525694895,-0.008163572005784868
-0.003958346975598739,1.4251810223762087,-0.024989783494276795,0.000816007558428383,0.005158725737217817,-0.13485346179467972,-0.05394378550382132,1.5061097491206736,-0.014593689578494235,0.00489048190586678,7.339346847612342,-0.09277763517007541,4.21583144183048,-0.0016229265068217378,-0.09201681930079539,0.23627310200538879,-0.005846464923898305,-0.0061008955802980755,0.0015657704639887244,0.015360560484977585,-0.033555350336670973,-0.04273537675863349,-0.001500735113446372,-2.2193385949912163,0.0,-1.2644344030477168e-05,0.002236076959013546,0.08923844100197552,0.24405417301480178,0.34965246880526046,2.2072499865962568e-05,-0.0002549653588587285,0.02632954638870548,-0.01658458085788276,0.00038583397902843886,-5.4739426111927385e-05,-0.07663657931424749,-0.13203363424106607,-0.80317679332327,1.711516950178966,0.08017056843437645,-0.005958899423563695,-0.0037949779719999273,0.3481079259747016,0.0011292089818801248,-0.006115704048390792,0.010569919475545992,0.16034132345093072,-0.04957459249760418,-0.018022444509573545,0.010306554460215339,0.05391283401975251,-0.00021061639142825873,0.026313179431817095,0.016366307723331742,-0.01197772028078355,0.004470064269115416,0.05956725445684702,-0.011772506327796434,-0.053136435802764,0.017945427607952376,-0.11154383670353221,-0.0001271454324487379,-0.000460949746730387,6.503199841802405,-2.992454384816919e-05,4.858702227162424e-05,-0.004128948531310403,0.045124758470370466,0.13666240469423438,0.2354300328997456,-0.01312291090969201,0.015759443195248527,0.08733606639299554,-0.07377836640630041,-0.5564347880271109,-1.1709311617310258,0.009075460976826358,0.001114758823327233,3.832056952650909e-05,0.001055613687994063,-0.09364494545877373,0.03480612521209606,2.0242103394656943,-0.07175279990326097,-0.21388671194847642,0.061456668313789396,0.15006912620170973,0.6000361268271791,-0.016824555255174033,0.09738042444294144,-0.07270960568975697,0.024440134338454506,0.16602973651189457,0.06017402056860396,0.0253865271551228,0.08603301883385145,0.15683702730235283,0.20273272669452463
